doppelspalt_koh
Position		g2		Rate D1		Rate D2		Rate Koinz.		
8000		8,9928317702304E-09		356884,119126652		3075,68601245584		9,87110313525978		
8025		1,10934352607576E-08		357358,792472945		3005,77459544682		11,9159023277318		
8050		2,06151638358976E-08		356653,817335839		2819,36536174459		20,729318630258		
8075		1,87946576720444E-08		356691,758857611		2828,35259477673		18,9609915520799		
8100		8,38502663173191E-09		353847,264723385		2690,77322992682		7,98357459363106		
8125		2,08537965182191E-08		351315,572197366		2590,67021416839		18,9799325173494		
8150		1,98561759172829E-08		351376,746725584		2421,90714811149		16,8976425303723		
8175		1,65833333848149E-08		349685,802787205		2217,26444702423		12,8578195175568		
8200		1,12692019583207E-08		351264,778288572		2018,84662683461		7,99155133193188		
8225		1,58722341657212E-08		353108,461470232		1757,77349740138		9,85165282657219		
8250		1,96948013195306E-08		355419,512493368		1411,56788767947		9,88085760705983		
8275		7,42296648393918E-09		355491,464044001		1120,01469207322		2,95549613913688		
8300		6,7290220993532E-09		357085,301147296		824,87857520326		1,98204701455159		
8325		8,90569105213769E-09		357386,814866235		617,842869887006		1,96645580361085		
8350		1,24146835593853E-08		356768,160869863		447,499187422659		1,98204721097713		
8375		8,08828076392777E-09		358722,278378314		344,291688708819		0,998943916491485		
8400		0		356932,376141306		371,041774087525		0		
8425		1,10974946821234E-08		357226,33847223		499,476835105091		1,98008470406347		
8450		8,30082312551501E-09		354672,918422958		669,912392206909		1,97227377526729		
8475		1,68075460519358E-08		354499,974779329		996,975642737735		5,94025470030078		
8500		1,07144145738058E-08		356580,792728746		1289,29635027761		4,92582689856146		
8525		1,36550578971855E-08		358243,578335128		1622,30548141048		7,93605366042043		
8550		2,02787519167709E-08		359345,217412337		1894,57651146361		13,805916426871		
8575		1,28294970732817E-08		360714,540146369		2139,34356670806		9,90042450050131		
8600		2,27487315589332E-08		358229,028556521		2538,6944424616		20,6884709358016		
8625		1,82891618434665E-08		357859,007657468		2574,11037013034		16,8474012933056		
8650		1,17310006956545E-08		356400,44984643		2827,59420942562		11,8219845565475		
8675		2,21213484586136E-08		355419,926598477		3148,04123360926		24,7510588007934		
8700		1,53528850613923E-08		355628,939430062		3254,25172919103		17,767987397364		
8725		1,34071185061604E-08		355846,35825392		3317,00389868999		15,825008636993		
8750		1,32135947878238E-08		354612,941520947		3363,9808589686		15,7626445225155		
8775		1,63952357712663E-08		353773,048385562		3246,34887231206		18,8294485042828		
8800		1,11062621467497E-08		353789,979767136		3008,68621587683		11,8219833918866		
8825		1,98690877453441E-08		354409,564907304		2814,69040682622		19,8204721097713		
8850		8,86380940682604E-09		356807,506197777		2494,43849568808		7,88909510106917		
8875		1,65815874863617E-08		355425,31706931		2186,01351328607		12,8833055945854		
8900		1,28060383064396E-08		356918,610950681		1941,76077211738		8,87523198870282		
8925		1,12764775958908E-08		355885,687247554		1728,61411778753		6,93716523841996		
8950		1,76137230249428E-08		356971,740355836		1568,38328450197		9,86136887633646		
8975		1,50888144279484E-08		357868,853155536		1468,23280806306		7,92818805820638		
9000		1,02335001724474E-08		358295,420478866		1344,7506108271		4,93068443816823		
9025		1,52401036839118E-08		357800,261220125		1282,36179707488		6,9926074154404		
9050		2,39444555033414E-08		360076,834574565		1155,15778947971		9,95958995969752		
9075		2,69088662534023E-08		358375,123719423		1028,68250249713		9,92006707552554		
9100		2,48063814129435E-08		358507,057814903		997,972529648552		8,87523198870282		
9125		1,84828529842777E-08		357087,032333971		907,22624647403		5,98768154276208		
9150		1,15907953336921E-08		353935,526089223		719,722824121569		2,95258677111213		
9175		8,70414458734758E-09		350613,462481947		646,905798287672		1,97422082192933		
9200		2,14313080481656E-08		351842,119633		526,755613964916		3,97196744257727		
9225		6,56832881364986E-09		354409,708320431		424,45743481617		0,988085760705983		
9250		1,61580128772962E-08		359133,681406288		343,948446414776		1,99589384758736		
9275		2,38698250027992E-08		360478,87807414		347,936219801579		2,99384077138104		
9300		6,81509291732371E-09		359117,375832492		406,133671003526		0,993978972374839		
9325		1,72983260260659E-08		357935,147693722		478,748549317862		2,96425728211795		
9350		9,36919683236082E-09		356125,970388926		589,936741083254		1,96839137446963		
9375		8,38881088831933E-09		355131,560522179		663,338130689457		1,97617152141197		
9400		7,95866562750023E-09		357314,546505514		702,55463435075		1,9978876334052		
9425		3,68038145164129E-09		356820,237568091		760,674314351302		0,9989438167026		
9450		1,6950398775641E-08		358336,095126978		810,977246281487		4,92582689856146		
9475		3,5314372601812E-08		358386,228467297		859,634611814205		10,8796945140031		
9500		6,45134103727708E-09		358335,112864864		851,475362963496		1,96839137446963		
9525		6,29489161287824E-09		358144,351063809		877,420155506913		1,97812607962412		
9550		2,06772178654338E-08		358973,566570652		930,913221926162		6,90977287675265		
9575		8,14866988669925E-09		358834,212943746		1015,76784235283		2,97012705609521		
9600		8,1170532776252E-09		358137,81354892		1016,67414491356		2,95549584797166		
9625		1,08043984966936E-08		358054,613278549		1024,69383435285		3,96409442195426		
9650		1,08815606240269E-08		360035,338508111		1004,85901444568		3,93678274893926		
9675		1,03334957508862E-08		360105,879317774		1064,23193609703		3,96016940812694		
9700		7,97172745641196E-09		357413,751001662		1037,3055383955		2,95549613913688		
9725		8,29272042781855E-09		357474,103160925		1001,92085932962		2,97012705609521		
9750		1,06982875600044E-08		359865,344972392		1023,56351472421		3,94066113062888		
9775		1,74305842785256E-08		358920,176404927		1107,75071415304		6,93029715035092		
9800		1,8130652348732E-08		358503,609577467		1212,52908667329		7,88132303769834		
9825		1,39614947918192E-08		358781,072631683		1184,71482708647		5,93437882581985		
9850		1,47356805091973E-08		358331,183816407		1306,0276769606		6,89615765798605		
9875		1,05278328349893E-08		357444,964364193		1315,45397305673		4,95021225025065		
9900		1,52187356494299E-08		356080,821312573		1272,56502359462		6,89615697860053		
9925		1,35485688980867E-08		355200,033515869		1234,35079577053		5,94025411219041		
9950		1,28665457379629E-08		354593,129781531		1082,86012082824		4,94042880352992		
9975		1,40025165604284E-08		352497,58889531		1001,91706712913		4,94531568818321		
10000		1,22165637263482E-08		352416,001364166		915,301989128378		3,94066113062888		
10025		3,48266454757778E-09		355279,391544183		800,944342090556		0,991023605488566		
10050		1,39782772610766E-08		357603,292463703		788,340667886938		3,94066113062888		
10075		1,5633955196088E-08		361222,416227372		701,245695226752		3,96016940812694		
10100		4,06154863859756E-09		361900,626729129		670,897557489566		0,986136887633646		
10125		1,80097013076185E-08		361501,665843145		611,297007248889		3,9798717983797		
10150		9,39960589229191E-09		360381,96827125		585,115087979627		1,98204721097713		
10175		1,05199491968194E-08		359415,026593365		521,623714234452		1,97227377526729		
10200		2,11414901331942E-08		358013,126646852		523,732404224788		3,96409442195426		
10225		1,27673305239006E-08		355565,296905758		434,457932453121		1,97227377526729		
10250		1,395351487732E-08		356905,012198109		399,977115737159		1,99191779355266		
10275		1,42391906372226E-08		356844,208221684		390,076725319752		1,98204721097713		
10300		7,76317893250502E-09		358167,710613581		355,009279548113		0,987110410964665		
10325		1,57188998614919E-08		360797,339103923		349,484950267203		1,98204701455159		
10350		1,48580719213415E-08		359305,888296265		369,43701739211		1,97227377526729		
10375		0		357378,593321946		391,454324167984		0		
10400		6,11973141675929E-09		356706,233723891		451,74582044078		0,986136887633646		
10425		1,14037554272488E-08		353941,165935372		491,547708322329		1,98401361192059		
10450		0		352654,046062917		549,722281879459		0		
10475		1,07413733547736E-08		352993,666633105		523,260463697963		1,98401361192059		
10500		1,06514762098534E-08		356646,615267305		519,694139782932		1,97422082192933		
10525		0		355094,240628076		488,506440409093		0		
10550		1,2617333860628E-08		354172,629893167		443,978575258878		1,98401341510511		
10575		1,24873121131638E-08		357061,274350355		442,339255490819		1,97227377526729		
10600		1,22642621653651E-08		357193,420020122		453,347065351517		1,98598372128863		
10625		1,59510142730368E-08		357911,567614855		518,708002895298		2,96133123289399		
10650		1,01245956027628E-08		354999,521314475		552,000148257131		1,98401361192059		
10675		2,49316383105558E-08		352702,271651592		673,53149425378		5,92266246578799		
10700		2,45752662336792E-08		350131,211398353		695,872439603157		5,98768154276208		
10725		3,55140238073798E-09		349702,118623895		803,543326986404		0,997946923793679		
10750		2,8662331558922E-08		351700,74531136		991,951309076045		9,99942803271653		
10775		2,13956173502118E-08		352761,588226704		1053,56436414362		7,95183177899871		
10800		1,84553380468161E-08		358305,285413598		1196,57185621495		7,91250510109313		
10825		1,36946533026134E-08		359311,131017012		1421,0764194822		6,9926074154404		
10850		1,59838414545724E-08		356848,915234029		1554,48331275437		8,86648754391497		
10875		1,88451714266407E-08		358675,166576454		1611,18385121009		10,8904669505514		
10900		1,78035217339294E-08		354826,608055692		1712,08286520358		10,8155069198597		
10925		1,92484663013424E-08		353111,07557514		1602,28212449554		10,8904658723491		
10950		1,53670009528556E-08		352311,881580051		1636,09138946929		8,85776118511333		
10975		9,54119648685027E-09		350054,029488344		1482,12864105897		4,95021225025065		
11000		2,31366689671592E-08		351739,984175929		1452,67283435859		11,8219845565475		
11025		2,05727806748823E-08		352324,383433563		1364,54643553496		9,89063137636642		
11050		6,7267865618066E-09		352899,274324395		1245,00754435204		2,95549613913688		
11075		2,45426542569525E-08		352817,758746807		1143,35698710796		9,90042450050131		
11100		2,10921170450734E-08		351864,95231805		1061,94714652637		7,88132226125775		
11125		2,8589254869638E-09		350128,062769167		989,063137636642		0,990042352031735		
11150		8,84909788548848E-09		350208,080520859		953,685620930535		2,95549613913688		
11175		3,14202392207841E-08		350474,503927712		899,058303189165		9,90042352031735		
11200		1,49209962223596E-08		353897,085215895		747,740449536829		3,94844125410391		
11225		4,39234160592037E-09		353324,646742049		637,945723775634		0,990042352031735		
11250		1,08508486363514E-08		349429,890213557		519,655271715734		1,97033056531444		
11275		7,93952565468142E-09		347319,061488478		359,029918962101		0,990042450050131		
11300		0		347521,333437134		282,570897684958		0		
11325		0		346634,352306756		237,375153032794		0		
11350		4,51000448770323E-08		346793,330017889		188,965553351176		2,95549584797166		
11375		1,58841501286963E-08		348166,67438258		179,020427912232		0,990042352031735		
11400		0		350919,972025197		213,570464129955		0		
11425		1,70114766704771E-08		349211,280225299		333,644305666894		1,98204721097713		
11450		1,29599619711131E-08		347913,226598045		436,982885132258		1,97033056531444		
11475		1,20215731429166E-08		349124,294173288		471,783116652678		1,98008470406347		
11500		5,50756039194654E-09		349514,364747088		511,781757362104		0,985165282657219		
11525		1,40398844489532E-08		348352,982391313		607,88606433078		2,9730708164657		
11550		1,8221306717575E-08		348793,215570161		620,654128074048		3,94454755053459		
11575		4,45813992606957E-09		345964,396905212		641,901912838028		0,990042352031735		
11600		1,98200032402158E-08		345919,717285996		725,604649833633		4,97483974797462		
11625		1,13771024295544E-08		347760,406561215		755,180673742547		2,98787669032899		
11650		1,42898000564142E-08		348940,234762688		799,755073763711		3,98780767680892		
11675		3,17935564473461E-08		347892,533511764		721,074241266063		7,97561535361785		
11700		1,78809615715978E-08		345134,570941444		802,924426990656		4,95511802744283		
11725		1,1272305918329E-08		346318,10730834		759,325403477908		2,96425728211795		
11750		2,3529217417544E-08		345408,098541626		736,747541740636		5,98768154276208		
11775		1,02750661112112E-08		346280,003513743		841,427419806683		2,99384077138104		
11800		6,94938929528202E-09		348693,482711188		823,658089666985		1,99589384758736		
11825		1,07142000035449E-08		349043,868181808		802,151964942663		2,99982840981496		
11850		1,21351853649475E-08		347071,86248763		712,246941308954		2,99982840981496		
11875		3,89997569757356E-09		349679,103909688		722,399634430354		0,985165282657219		
11900		1,75509671176148E-08		347765,246701723		650,756400154475		3,97196744257727		
11925		2,56131980851581E-08		347385,233214776		664,3320888835		5,91099227827375		
11950		8,60258938218619E-09		347340,799375214		662,672236674082		1,98008470406347		
11975		2,28146277404351E-08		348211,677388821		619,433578137416		4,92097843617407		
12000		1,88966703860159E-08		349648,327109438		598,779970987826		3,95625255054657		
12025		1,49058192695255E-08		351594,988222895		569,549951170783		2,98490384878477		
12050		0		352173,32077729		616,565514680534		0		
12075		1,37520454345366E-08		349383,186663574		615,728362320183		2,95841066290094		
12100		1,42935796956815E-08		350153,727639852		593,437882581985		2,97012705609521		
12125		3,08178513112326E-08		350334,479378339		645,092353071271		6,96477564716447		
12150		4,94445535776144E-09		350254,664283536		572,244479474343		0,991023605488566		
12175		2,25229195538174E-08		350496,173820102		623,366551035777		4,92097843617407		
12200		2,62839257993294E-08		353718,892960571		638,934786913271		5,94025411219041		
12225		1,51840276327218E-08		355414,272260919		548,196943836485		2,95841066290094		
12250		9,89776440460472E-09		352379,626832817		567,722184852124		1,98008470406347		
12275		1,32445101802752E-08		352616,005652381		632,837826891986		2,95549584797166		
12300		1,81937021090218E-08		350436,938422314		622,36282424682		3,96802683021022		
12325		3,43185493739512E-08		349012,463138158		575,754477032367		6,89615765798605		
12350		9,17913307864111E-09		348749,80966998		619,153462922351		1,98204701455159		
12375		3,00509534338408E-08		350358,514389835		561,975682101675		5,91682132580188		
12400		2,38276623486663E-08		348916,79616354		595,416008857258		4,95021225025065		
12425		1,37377154299128E-08		349188,288056616		615,500666530195		2,95258706170444		
12450		9,36028048982186E-09		350623,871355327		603,92589453058		1,98204721097713		
12475		4,63092293041876E-09		352039,760394861		604,296151962176		0,985165282657219		
12500		1,72377885214575E-08		353006,524453894		651,447932132986		3,96409442195426		
12525		8,51667365672591E-09		351893,437919365		657,442719072856		1,97033056531444		
12550		2,14996044206056E-08		352182,204770112		653,124687826655		4,94531519906031		
12575		2,23678124202748E-08		351820,988193724		632,799615942371		4,97979497984876		
12600		8,82341248428992E-09		351774,151784399		638,577317060469		1,98204721097713		
12625		8,54170588703193E-09		352445,396577223		655,134912967051		1,97227377526729		
12650		1,30928576729196E-08		353950,090687199		641,547444116564		2,9730708164657		
12675		2,14174739340606E-08		353531,390828961		650,553285235039		4,9258264132861		
12700		1,81151717003503E-08		351956,104591043		622,36282424682		3,96802683021022		
12725		1,28698705520041E-08		350348,716558081		655,474327698387		2,95549613913688		
12750		8,19597292463866E-09		350954,218443298		689,069477014088		1,98204721097713		
12775		1,30973891246189E-08		352194,992388451		640,711392389864		2,95549584797166		
12800		1,82466659879462E-08		351096,608809446		618,776470019835		3,96409402910319		
12825		1,28326587636502E-08		350838,205019969		657,105243532365		2,95841066290094		
12850		8,27589777817686E-09		349573,873194409		685,109375434691		1,98204721097713		
12875		8,5869806500434E-09		350060,690427053		656,120142888387		1,97227377526729		
12900		1,28751364066008E-08		350207,475774382		659,368206453136		2,9730708164657		
12925		1,82301021986452E-08		350292,960609241		617,698693079607		3,94454755053459		
12950		1,23642523285629E-08		351484,356285071		684,797311392599		2,97602041788088		
12975		4,54214420700541E-09		353735,902232537		613,757971095448		0,986136887633646		
13000		1,30146043298586E-08		354982,672602892		643,527528820628		2,9730708164657		
13025		1,70592332207506E-08		354544,685978095		652,822619613474		3,94844125410391		
13050		1,81713158150003E-08		353684,309958946		616,796385315771		3,96409442195426		
13075		1,72230317643113E-08		352771,165349698		649,223921271108		3,94454755053459		
13100		1,807516640751E-08		353862,064067949		620,380777035842		3,96802722384118		
13125		1,72121621715814E-08		353530,40760106		648,23875598845		3,94454755053459		