doppelspalt_coh
Position		g2		Rate D1		Rate D2		Rate Koinz.		
8000		1,26299312608059E-08		540059,386199985		4184,43619584458		28,5416749298096		
8025		1,89265048719048E-08		537432,263249712		4278,41134385691		43,5187780560122		
8050		1,22633725552716E-08		533249,177206054		4364,54865611427		28,5416749298096		
8075		1,43763995815611E-08		530034,944644466		4287,58870165484		32,6714008516543		
8100		9,38131710927734E-09		531631,016596401		3946,72878753604		19,6839118074142		
8125		1,24244962757377E-08		531787,75641196		3596,23356844683		23,7610164487616		
8150		1,44520304802355E-08		530308,28741378		2968,20962516077		22,7484521656428		
8175		1,41985798452396E-08		531756,078301777		2503,83278253651		18,9043910423036		
8200		2,3692814826617E-08		528874,415922188		2066,54843130866		25,8949338952136		
8225		9,82250899975313E-09		530159,717230109		1723,00906302767		8,97256727282008		
8250		1,35619266431157E-08		532278,998962746		1657,27560423581		11,9634230304268		
8275		1,19826967812485E-08		536117,585312283		1707,07371909216		10,9664711112245		
8300		1,63448535150949E-08		538603,615828775		1927,10805981791		16,9650977044926		
8325		1,48431631906284E-08		540414,091285364		2352,04790360711		18,866845352242		
8350		1,33154723163741E-08		538795,611296395		2892,23321863112		20,7498009748257		
8375		1,39532225067574E-08		539551,219706335		3446,46278468211		25,9466200186357		
8400		1,39535238302341E-08		538708,951252441		3986,79796055575		29,968314501078		
8425		1,41008091558245E-08		536590,147793122		4422,55910232079		33,4626533659837		
8450		1,3186486118303E-08		533789,254436726		5355,49103331841		37,696254886997		
8475		1,23191846603184E-08		534204,926783635		5773,89526054103		37,9978265243228		
8500		1,83259989988046E-08		531687,677580712		6767,55831353194		65,9411110447326		
8525		1,9389185477216E-08		533013,957050234		7376,43288049407		76,2332686538601		
8550		1,40734739404491E-08		534131,727577805		8125,51959381063		61,0802535421621		
8575		1,72621091267285E-08		533036,044810148		9200,46862990426		84,6565146574289		
8600		1,50821109653746E-08		536751,820352679		10201,206193483		82,5823398163787		
8625		1,54629891211591E-08		537522,133994502		11327,0745495951		94,1472331912008		
8650		1,2929395770583E-08		534483,67064933		12260,1256758841		84,7242226552571		
8675		1,59100898590115E-08		533384,474298961		12769,9390418717		108,368191768352		
8700		1,48439197178545E-08		534240,118749115		13305,6436183942		105,5166469768		
8725		1,44710023893073E-08		534828,395118611		12739,8284889283		98,5999406010055		
8750		1,36312228904952E-08		534437,643971642		12179,5825617141		88,7287296548263		
8775		1,39911038824709E-08		532531,720821943		11117,0119593367		82,8295946748754		
8800		1,53826116960518E-08		531018,427405241		9641,87903998317		78,7592094688908		
8825		1,45539552789845E-08		531729,560481303		8510,97938273317		65,8644969703828		
8850		8,79063613074168E-09		530374,618987289		6993,67726168465		32,6068333251322		
8875		1,82047579603843E-08		533031,641188177		5905,88158880159		57,308974120947		
8900		1,6895550266974E-08		531301,598492768		4785,15549959069		42,9545841182118		
8925		1,80035817327966E-08		532481,989565104		3751,2821121824		35,9619774012936		
8950		1,46782746909671E-08		534688,182052905		3012,62270212474		23,6439667837733		
8975		1,30185544901968E-08		535348,473172165		2270,62107810235		15,8250102021863		
9000		1,62452536572222E-08		536092,140901178		1809,93586882482		15,7626460753967		
9025		1,56613524319604E-08		535600,942786192		1424,79410381993		11,951507951637		
9050		2,07559713450689E-08		536648,844604828		1339,88365476128		14,9245192439239		
9075		1,69144119696673E-08		536952,486791556		1529,14942326886		13,8880952834441		
9100		1,16824617628894E-08		536635,5982364		1887,57668157123		11,8336426516038		
9125		1,01104839121804E-08		534277,613357089		2396,87779057417		12,9474669476068		
9150		1,31531016416521E-08		533970,420779089		2980,90497805156		20,9359903032469		
9175		1,40835551917581E-08		532708,878119797		3458,42655250104		25,9466200186357		
9200		1,97547062263588E-08		533930,645759074		3875,2760673567		40,8750286872915		
9225		1,77344943926104E-08		532608,939229078		4331,75608893369		40,9158197923592		
9250		1,53124906656172E-08		534819,025286801		4752,46979883704		38,9199300279535		
9275		1,73426073533831E-08		535507,830913025		4894,09341756281		45,4519449924752		
9300		1,54814539984628E-08		531396,083086663		5169,6647000137		42,5297149183756		
9325		1,74731308880822E-08		530555,878457205		5069,57037287189		46,9973117537677		
9350		1,34083862746723E-08		530985,308012321		5119,78596499551		36,4511154583171		
9375		1,76364119063689E-08		533092,645346205		4978,819619773		46,8100728105784		
9400		1,44014523191529E-08		533232,694360263		5208,49306028736		39,9977121308661		
9425		1,59711445058828E-08		531864,097327765		5164,04739410317		43,8658888181164		
9450		1,78712966643102E-08		526268,130797693		5406,06543012382		50,8445529482713		
9475		1,33980596249102E-08		526922,168961516		5360,88731241745		37,8464418468506		
9500		1,64482726241715E-08		530322,518313067		5594,70478057226		48,8019908025179		
9525		1,64130273674768E-08		532925,728129983		5704,55888167517		49,897346189684		
9550		1,42162877403156E-08		532460,541353458		6070,51113743695		45,9514155683196		
9575		1,71737375992477E-08		535312,024989806		6513,08688814817		59,8768154276208		
9600		1,35194491474268E-08		533725,462309227		7053,43553154939		50,8952931134776		
9625		1,67221094368396E-08		534533,290925804		7604,88007526341		67,9764045033481		
9650		1,24321584861481E-08		533551,772166954		8132,26948199469		53,9429714905402		
9675		1,43751501131548E-08		533915,157810157		8900,57917559214		68,312929053459		
9700		1,3517336604806E-08		534500,876276032		9272,10756943919		66,9912392206909		
9725		1,57481440637371E-08		533649,418646549		9727,53151363657		81,7500573745829		
9750		1,3712556400844E-08		533957,499053732		9939,66978982777		72,7774901017629		
9775		1,5293466723266E-08		532562,00565077		9904,90593821747		80,6726786735499		
9800		1,56324366432283E-08		532033,381585318		9357,73259422862		77,8280573299203		
9825		1,49596682736145E-08		530881,175814833		9303,6018314307		73,8874034784219		
9850		1,42774342459188E-08		531135,433509236		8738,63046768372		66,267230221655		
9875		1,21075813598519E-08		531480,461740381		8316,35575706658		53,5152746963826		
9900		1,36092266246198E-08		532988,269020004		7787,67314108163		56,4883399147204		
9925		1,28355465636508E-08		532671,310823663		7363,12532258006		50,3426259898249		
9950		1,44905500833776E-08		531601,171571517		7103,96771556298		54,7232372277208		
9975		1,79397629471892E-08		534020,643110862		6793,70045849597		65,0850345838207		
10000		1,22963862135303E-08		536527,565490289		6655,65167613057		43,9096646469219		
10025		1,68680639308391E-08		536760,149369946		6723,44374309985		60,8747623514144		
10050		1,72154741773453E-08		534258,98518244		7153,97346805073		65,7988266673472		
10075		1,65374476742126E-08		533023,288023152		7924,84573093132		69,8562846655576		
10100		1,47578345761901E-08		531715,333539237		8792,70347461629		68,996053425744		
10125		1,39971451654801E-08		531920,679585888		9938,49302517379		73,9957674421023		
10150		1,64518445719693E-08		531971,568456255		11188,0961739537		97,9172506260275		
10175		1,60222596493441E-08		533460,535046754		12339,2537365654		105,466602657062		
10200		1,45365754872725E-08		532973,485788844		13430,9145476625		104,057478576299		
10225		1,49938915316709E-08		533853,421564272		14153,7181781239		113,29400750558		
10250		1,34286442065965E-08		531300,614120036		14760,217261903		105,308938534125		
10275		1,58794673313703E-08		531772,740161217		14480,9444897785		122,280974066572		
10300		1,62146497875193E-08		530530,312631236		14356,3939731203		123,498915500249		
10325		1,69176214463567E-08		529956,734087591		14219,0869676611		127,482751484128		
10350		1,43507810135808E-08		530469,679913921		14652,8929936844		111,547407548612		
10375		1,4734920587336E-08		528404,05339376		15011,1176277045		116,876438229504		
10400		1,55010585777817E-08		529312,367998085		16054,9137068327		131,728993940766		
10425		1,69541327187328E-08		530993,257176927		16776,1607324236		151,027892877594		
10450		1,36228666303788E-08		533145,046930255		18229,9532701978		132,403491934602		
10475		1,57024676809939E-08		532863,045149158		19778,7477310811		165,49401858757		
10500		1,39290247694619E-08		531632,899510237		22932,8180202052		169,820448839442		
10525		1,37511915404634E-08		529612,105711431		25811,698878196		187,98137626185		
10550		1,58844202811746E-08		531259,809408741		29770,0358843106		251,222012112264		
10575		1,51564077560496E-08		533098,109607479		33253,7541365631		268,685422615104		
10600		1,48490856766197E-08		531433,540823921		39355,4558489193		310,565794500988		
10625		1,57489945377226E-08		528840,664391526		46742,6346763956		389,305789718157		
10650		1,54835592828089E-08		529034,828382598		55301,1838551925		452,990917037582		
10675		1,51043261507371E-08		529577,50020882		64255,0695404818		513,970600881629		
10700		1,40381324307394E-08		528630,566926314		73352,4586772381		544,347561973773		
10725		1,45738742493462E-08		528074,465130311		82634,6304052725		635,963622880771		
10750		1,45165564231973E-08		526354,554649754		90590,8368426682		692,191502198978		
10775		1,55106605786807E-08		528938,108187287		97723,1300746482		801,73809684025		
10800		1,4592243525143E-08		528980,511233983		101719,84258128		785,176730277804		
10825		1,46369570790982E-08		532001,345954834		104519,870882131		813,883782768648		
10850		1,50411553582175E-08		533940,928847533		105617,975979917		848,227308367866		
10875		1,44272035451236E-08		533928,021290787		105904,924525581		815,794978841308		
10900		1,47668475307268E-08		530359,435154348		104887,592148666		821,452027398827		
10925		1,51837636352601E-08		529584,654394022		102056,171787814		820,642680453464		
10950		1,51060800386308E-08		530263,968172686		98611,104132857		789,895646994551		
10975		1,54529913071483E-08		529040,378286814		94021,5077323759		768,64992970492		
11000		1,36288890005899E-08		529410,045707125		88015,8755848146		635,058372531821		
11025		1,48410196113958E-08		529685,430504718		80785,2220400945		635,058435844094		
11050		1,47250885208233E-08		529758,32944057		71986,0409557288		561,544266436007		
11075		1,48715864467454E-08		530031,781435149		62239,04352611		490,593874249438		
11100		1,32661702614288E-08		531159,871935608		52169,6713351622		367,611361268867		
11125		1,58776771884083E-08		529574,305214025		42650,2556290943		358,620830196234		
11150		1,44302284247362E-08		525043,65663967		34423,7920701097		260,811857117226		
11175		1,48467772185869E-08		524150,344118267		28413,5621433883		221,112732056085		
11200		1,42147117457719E-08		524545,370765979		27328,1289967922		203,765669082963		
11225		1,54916187923504E-08		526926,395132362		29806,5950574567		243,309531858614		
11250		1,66277521319284E-08		528316,60850907		35767,9457413046		314,211302951274		
11275		1,52691714093665E-08		529878,842080118		45719,7162336266		369,909576889711		
11300		1,6138902318686E-08		528309,745783242		59634,3143251389		508,462402701624		
11325		1,51734475356278E-08		530169,100352023		75560,6396917657		607,847039282484		
11350		1,52231419195664E-08		529575,874720629		92809,0639128122		748,208918710248		
11375		1,44926232152059E-08		530526,958981299		110867,043321653		852,426465099324		
11400		1,55945333522831E-08		530035,51270448		131225,76356608		1084,66708306323		
11425		1,4664684701978E-08		529320,189892404		152902,319126208		1186,87576516397		
11450		1,48022452027309E-08		526507,860359427		175768,599800466		1369,85231013971		
11475		1,42030552336696E-08		528699,894857209		200076,019504251		1502,40160388833		
11500		1,44181039561135E-08		529057,183207005		223659,840357393		1706,07759017785		
11525		1,44197503247198E-08		527855,606273166		246273,175611416		1874,51961703684		
11550		1,44798965649196E-08		527801,705723596		263743,549629676		2015,66379832317		
11575		1,49368368024878E-08		528855,13120736		276333,499092317		2182,87513954202		
11600		1,43787547858168E-08		527846,416747301		281624,309364752		2137,46491476958		
11625		1,44918019511749E-08		528906,057613619		275355,771492745		2110,54742336255		
11650		1,48130633817545E-08		531097,972006577		262704,806325142		2066,74807917671		
11675		1,46420130408047E-08		534049,148982917		241716,0016681		1890,11147366523		
11700		1,47316005340294E-08		533888,741949239		214775,143098104		1689,2141627871		
11725		1,50366520908459E-08		534333,511635203		183683,997633927		1475,82508060994		
11750		1,45165827263095E-08		532704,1680189		152549,799480724		1179,67433044545		
11775		1,46796314060906E-08		533723,906943631		123607,478903371		968,448556239058		
11800		1,44503447160496E-08		531548,491309176		96832,4045491864		743,775405938671		
11825		1,45314683463033E-08		529112,186317049		75010,4566287357		576,738672719601		
11850		1,58602935705192E-08		529011,172114528		56701,3013781128		475,739369203225		
11875		1,53078819954454E-08		530331,499220005		41987,7564088117		340,867187799398		
11900		1,6713422871527E-08		530549,593191095		31530,0038486862		279,585993836174		
11925		1,35932489498351E-08		529975,672364651		24055,3401173565		173,296865298737		
11950		1,48927948096212E-08		531160,12418338		21633,9523337384		171,134487330327		
11975		1,39126639460653E-08		531867,509444749		23807,8804143165		176,171028015032		
12000		1,39630264866824E-08		534304,091468785		32384,3531715081		241,603537470243		
12025		1,54249408831155E-08		533495,35190583		47806,2200421369		393,403803408052		
12050		1,41575090211049E-08		531763,840535953		72628,6804486311		546,781488787394		
12075		1,49885362546128E-08		530986,535596222		104095,642340767		828,467127451243		
12100		1,388266097379E-08		530499,551121281		142955,926550166		1052,83400460233		
12125		1,50166449683402E-08		526878,335008598		185088,912644508		1464,41327813596		
12150		1,47457777319476E-08		526340,702405582		229156,672174742		1778,55436927077		
12175		1,4699193734366E-08		525386,209331736		268603,67219059		2074,35999688598		
12200		1,50124596406282E-08		526455,507642045		304577,619221395		2407,19633773173		
12225		1,52054982751905E-08		527735,501477782		331508,953479112		2660,18738387902		
12250		1,54144336551122E-08		527446,385421213		351891,054533508		2860,97537683161		
12275		1,53823137276095E-08		530488,335539167		358927,34555407		2928,89667388464		
12300		1,45302114413106E-08		530484,055728292		361687,04455888		2787,90019476498		
12325		1,45391712232452E-08		532016,242169266		355503,043358216		2749,84278787249		
12350		1,49419829102013E-08		531702,456741303		342863,965494512		2723,94758268326		
12375		1,46680857331468E-08		529839,444580509		328010,099023213		2549,2060574001		
12400		1,41049409743091E-08		530940,176111739		307170,259004869		2300,3611616282		
12425		1,54844342416431E-08		532190,039132605		283132,589467794		2333,19987614121		
12450		1,47387535530925E-08		532021,228208007		255044,183728938		1999,88554991968		
12475		1,54265107096955E-08		532060,158952116		222521,142715546		1826,41609806339		
12500		1,50311080852615E-08		528706,377001395		189362,789723245		1504,87417535722		
12525		1,53684053503344E-08		529207,145876674		154170,668738869		1253,88083033589		
12550		1,56622623795393E-08		528754,822485281		120864,591918292		1000,93972687904		
12575		1,37939560343552E-08		530155,892466318		91157,2956841752		666,628478568194		
12600		1,45034277567356E-08		527702,602064448		64672,621637143		494,971687619468		
12625		1,4869680676539E-08		527056,577220805		46825,4914079344		366,979008800697		
12650		1,49446462317529E-08		526357,713925444		35176,6311168034		276,707464868141		
12675		1,59225472692111E-08		528023,863334468		31872,189998565		267,964956882764		
12700		1,57363115978788E-08		528140,071659243		36900,0854541951		306,675751727698		
12725		1,46525573094026E-08		530574,417987611		48169,2149802571		374,480582484627		
12750		1,44042791831099E-08		530415,011070441		63938,5756232662		488,506440409093		
12775		1,44674340512924E-08		533440,126559923		80479,4626283318		621,10104566299		
12800		1,4972631342201E-08		532198,604163606		99063,1244034489		789,375937945271		
12825		1,44636640356069E-08		528300,511941051		117360,979456378		896,774152588106		
12850		1,52084511274203E-08		528313,653012931		134279,301578411		1078,91167918438		
12875		1,46464502319524E-08		528327,967104532		150442,2831622		1164,14183573762		
12900		1,48062082828708E-08		529971,686346987		165963,8605059		1302,29703261049		
12925		1,44607559017979E-08		530558,312702043		181450,234054402		1392,13595869218		
12950		1,4901358741523E-08		528140,927260381		196165,244381827		1543,82389110882		
12975		1,47509518473331E-08		527761,422227681		210567,79886739		1639,26680320897		
13000		1,46023257241146E-08		526735,157160636		223012,919597192		1715,31688058559		
13025		1,46850570344316E-08		523541,645546617		234625,557510164		1803,85734399134		
13050		1,49916116322092E-08		524295,020404615		240570,644657404		1890,8918409867		
13075		1,48700190116517E-08		526767,298075961		242108,202277015		1896,44316911515		
13100		1,46780497648552E-08		529038,259579194		237534,668414494		1844,51606053598		
13125		1,42588428078195E-08		531956,807574208		222787,643814287		1689,86399498218		
13150		1,47676077910405E-08		532266,158970861		202708,36544007		1593,34813434141		
13175		1,47455690374629E-08		529982,558860631		178044,266377627		1391,39714210595		
13200		1,54820970970544E-08		528649,941923359		152051,643338294		1244,48335971301		
13225		1,4785458259015E-08		533713,265259107		126590,179984742		998,947821393303		
13250		1,46992139577297E-08		531221,348032327		103647,46079258		809,334955196674		
13275		1,40553074701408E-08		528985,616728108		85279,984988906		634,061420612619		
13300		1,58119786390179E-08		526070,398957274		68794,8716876147		572,2504586727		
13325		1,45609424025294E-08		525029,744315415		57305,7989807761		438,098699545425		
13350		1,46635979274724E-08		527206,858172963		48407,9973887835		374,23009642263		
13375		1,48589259778101E-08		527533,585231283		41417,7911782091		324,656772859733		
13400		1,48267414479635E-08		528628,452684293		36997,8858350951		289,983412948779		
13425		1,48218113836571E-08		529853,558571109		33936,9148510243		266,519810960459		
13450		1,48241275953664E-08		530581,664623348		31845,8549056246		250,480715064029		
13475		1,53274813155625E-08		530707,092278495		32578,8456388468		265,009461034792		
13500		1,48605272393221E-08		526939,014227416		33959,2510876243		265,92102543928		
13525		1,47724434933949E-08		526858,554307284		38389,8433671705		298,787698790926		
13550		1,42280733615925E-08		531120,912340768		45628,6572390843		344,807882899302		
13575		1,40137240311481E-08		532804,317393046		55152,3579212645		411,799088150718		
13600		1,5006675604892E-08		533208,299027668		65909,5719119672		527,38756525798		
13625		1,51936592871481E-08		534419,752350139		77106,1495089823		626,085867676752		
13650		1,46295313835109E-08		532611,318257911		87987,9855330313		685,589536646258		
13675		1,45836710662958E-08		533952,535053965		95892,9240499597		746,717061926572		
13700		1,46955621218742E-08		532823,861155184		104130,01030483		815,353199456813		
13725		1,4092079305477E-08		529627,496652065		107631,557880354		803,313802828257		
13750		1,43318503656617E-08		533324,71027777		107735,861740986		823,482285261043		
13775		1,42329062967455E-08		533658,733056497		106792,296209009		811,142460191086		
13800		1,52583110172806E-08		533509,221209424		104356,509284047		849,508907159885		
13825		1,45116736898605E-08		532978,368464589		101023,864346101		781,359801451529		
13850		1,42522594068177E-08		531265,708223677		97594,2194124029		738,957731617751		
13875		1,47449589061048E-08		530580,616060986		93722,2668279947		733,225786989937		
13900		1,52034888435389E-08		531886,62445783		88063,1434229208		712,125459098382		
13925		1,42649990715883E-08		530650,757077769		83066,2545929326		628,789331784491		
13950		1,36653990680243E-08		528710,389346566		77131,8204023679		557,280369038175		
13975		1,53529325761282E-08		528315,51984793		71710,7437902767		581,659651155775		
14000		1,52746668493196E-08		528778,04718485		65398,2376058083		528,215581725406		
14025		1,53684593773358E-08		531998,519445944		58949,6783999955		481,972431176937		
14050		1,58846729880367E-08		532419,462855856		51785,6303601898		437,967080819493		
14075		1,48756244452815E-08		532150,23544064		44148,8112746868		349,484950267203		
14100		1,55813822257747E-08		529996,31184804		37607,5321382304		310,565825217905		
14125		1,38524169846924E-08		530694,933560619		32218,9514519814		236,854641711767		
14150		1,6255301506476E-08		532514,265162013		27997,4147147688		242,350659533676		
14175		1,35883174878819E-08		529701,369565187		25522,3485719121		183,703494219199		
14200		1,33540812441829E-08		534746,192499112		23061,7341017228		164,684860234819		
14225		1,60313743055861E-08		536014,04134316		21326,1430316176		183,256437006845		
14250		1,36968958440162E-08		534213,733156872		19988,9151476019		146,260288590454		
14275		1,52792535762308E-08		532429,239123135		18504,9163021042		150,539739799537		
14300		1,51471671318975E-08		528316,356383972		17458,6220090695		139,712555388544		
14325		1,33316099866622E-08		530568,272292002		16365,9627056238		115,761843160067		
14350		1,43827084990114E-08		532166,634812986		15218,0644499624		116,47902849383		
14375		1,64756134707126E-08		533624,627004109		13936,0234063598		122,522634327542		
14400		1,63536650940431E-08		534642,384374015		12910,4393531188		112,880651287394		
14425		1,69377008684125E-08		533208,820672558		12179,1242298642		109,993708359882		
14450		1,49244979078947E-08		529805,032107445		11255,0999827882		88,9949094911771		
14475		1,48943991230607E-08		528785,093032992		10632,2660091977		83,7390490258636		
14500		1,51325799555122E-08		529532,997028431		10501,8723954259		84,1536082542611		
14525		1,29513587838486E-08		531685,660831015		9871,60813412645		67,9764045033481		
14550		1,43201261885615E-08		530517,078123692		9773,9209594228		74,2531764023801		
14575		1,70940882513048E-08		527966,888027341		9824,24134997792		88,6648841741063		
14600		1,43369911988716E-08		528455,481172399		9931,18296500952		75,2432262038099		
14625		1,89700278179768E-08		527268,796148421		10440,3478501869		104,427530249503		
14650		1,27331749874558E-08		523500,449725011		10650,7389736831		70,9959390322874		
14675		1,52988531302367E-08		526377,939826846		11010,1971530959		88,6648841741063		
14700		1,30580280840841E-08		528803,5630606		11413,7173848621		78,8132226125775		
14725		1,61432047977631E-08		530608,970099438		11569,6349258429		99,1023605488566		
14750		1,29715180927158E-08		530046,60482931		11496,8749565054		79,0468686669872		
14775		1,25247713425784E-08		529277,030494006		11051,79040686		73,2631340503484		
14800		1,45189930041552E-08		528395,134973619		10401,5689959109		79,7983957566957		
14825		1,40109545294579E-08		529811,934376376		9640,95797499567		71,5664788974309		
14850		1,43096144372611E-08		530589,157099285		8823,31433606011		66,9912458204359		
14875		1,5340254074942E-08		530843,36324282		7949,79391726344		64,7373347380339		
14900		1,15418159580454E-08		529048,338030411		7183,85223792982		43,8658844448982		
14925		1,3011136823665E-08		529199,625812416		6515,56375163412		44,8628408367099		
14950		1,58651762677057E-08		532587,849104052		5304,17466703892		44,8181548186389		
14975		1,11576640385459E-08		531637,605206462		4705,90625595708		27,9146537376625		
15000		1,57385740409734E-08		530263,295299382		3907,07434880451		32,6068333251322		
15025		2,02593037360198E-08		529537,758195291		3315,70354313376		35,5710873854154		
15050		1,2947007608871E-08		527554,500370198		2925,05693093935		19,978876334052		
15075		1,48539076116339E-08		528357,599475364		2800,2387887161		21,9767639674572		
15100		2,07108100432814E-08		529182,01011708		2720,79769816543		29,8193662072629		
15125		1,52776018723909E-08		529081,256946789		3062,07777242784		24,7510588007934		
15150		1,5749297520732E-08		527600,912968689		3606,58018259036		29,968314501078		
15175		1,58604857053315E-08		525445,401844413		4251,47744740665		35,4310447404533		
15200		1,41151885739441E-08		523262,293300314		5093,6751588287		37,6216093772059		
15225		1,71125503267619E-08		526700,681090661		5678,14113292632		51,1781757362104		
15250		1,3450250838803E-08		526320,677897974		6299,63948597793		44,5960622469855		
15275		1,32604982206442E-08		526822,707476374		6903,24377732206		48,2255886745059		
15300		1,50383116022335E-08		526904,678705464		7239,70436869274		57,3656563090996		
15325		1,29463804259655E-08		526590,667744666		7506,9450302844		51,1781706992769		
15350		1,35424894316337E-08		523049,963611549		7540,08243994736		53,4094094323787		
15375		1,46278903377725E-08		523748,887033121		7100,3842764332		54,3984671896634		
15400		1,29654864518786E-08		524528,755957582		6987,74319016167		47,5220376024063		
15425		1,36397305441271E-08		524591,642027229		6674,56813605901		47,7584615805563		
15450		1,23129469308766E-08		521797,512186058		6188,32527553538		39,7591549430172		
15475		1,39834188006384E-08		521765,847964291		5536,10074069583		40,391780568204		
15500		9,71713377861451E-09		524461,100496325		4662,44363081913		23,7610188012031		
15525		1,79073452766384E-08		527071,045643559		3861,98387670941		36,4511154583171		
15550		1,31737779081924E-08		526618,468697594		2996,86130703902		20,7908893926664		
15575		2,10051718880852E-08		525597,600844667		2139,5039143286		23,6206964936356		
15600		1,47977411945986E-08		524040,175962265		1533,57575512765		11,8922832658628		
15625		1,19891645820786E-08		523863,95984041		1254,84950122439		7,88132226125775		
15650		1,6550192322103E-08		522749,735958783		1145,47900130072		9,91023605488566		
15675		1,08239156567048E-08		522850,118115168		1394,00901229289		7,88909510106917		
15700		1,09420296877402E-08		521505,001234964		2069,6949367986		11,8103482468178		
15725		1,83576258579296E-08		519127,617278933		2894,51951615759		27,5846279144021		
15750		1,44592660897826E-08		518631,39450816		3832,45394471485		28,7396845591684		
15775		1,45524468274309E-08		518205,27551236		4983,90457700098		37,5843955128584		
15800		1,68022304389076E-08		517627,79010853		6177,57931330963		53,7282692781259		
15825		1,5220799525615E-08		519588,592103334		7059,3573634336		55,8293074753249		
15850		1,35563945299917E-08		517821,119687182		8095,15391299801		56,8262593945272		
15875		1,47975255470721E-08		516905,749173555		8863,03910513483		67,7927305057517		
15900		1,4152205089188E-08		516561,053525321		9282,61931969197		67,860384045864		
15925		1,46318225282568E-08		515101,872280939		9930,63806717342		74,846019284526		
15950		1,67225865802717E-08		516471,938694635		10409,5843620919		89,904943503234		
15975		1,58908729642595E-08		519204,838427792		10725,3189724007		88,490511162488		
16000		1,62983823247821E-08		521920,836875208		10697,016445403		90,9937996627097		