0,005;0,000
0,015;0,000
0,025;0,000
0,035;0,000
0,045;0,000
0,055;0,000
0,065;0,000
0,075;0,000
0,085;0,000
0,095;0,000
0,105;0,000
0,115;0,000
0,125;0,000
0,135;0,000
0,145;0,000
0,155;0,000
0,165;0,000
0,175;0,000
0,185;0,000
0,195;0,000
0,205;0,000
0,215;0,000
0,225;0,000
0,235;0,000
0,245;0,000
0,255;0,000
0,265;0,000
0,275;0,000
0,285;0,000
0,295;0,000
0,305;0,000
0,315;0,000
0,325;0,000
0,335;0,000
0,345;0,000
0,355;0,000
0,365;0,000
0,375;0,000
0,385;0,000
0,395;0,000
0,405;0,000
0,415;0,000
0,425;0,000
0,435;0,000
0,445;0,000
0,455;0,000
0,465;0,000
0,475;0,000
0,485;0,000
0,495;0,000
0,505;0,000
0,515;0,000
0,525;0,000
0,535;0,000
0,545;0,000
0,555;0,000
0,565;0,000
0,575;0,000
0,585;0,000
0,595;0,000
0,605;0,000
0,615;0,000
0,625;0,000
0,635;0,000
0,645;0,000
0,655;0,000
0,665;0,000
0,675;0,000
0,685;0,000
0,695;0,000
0,705;0,000
0,715;0,000
0,725;0,000
0,735;0,000
0,745;0,000
0,755;0,000
0,765;0,000
0,775;0,000
0,785;0,000
0,795;0,000
0,805;0,000
0,815;0,000
0,825;0,000
0,835;0,000
0,845;0,000
0,855;0,000
0,865;0,000
0,875;0,000
0,885;0,000
0,895;0,000
0,905;0,000
0,915;0,000
0,925;0,000
0,935;0,000
0,945;0,000
0,955;1,000
0,965;0,000
0,975;1,000
0,985;1,000
0,995;0,000
1,005;0,000
1,015;55,000
1,025;95,000
1,035;121,000
1,045;143,000
1,055;141,000
1,065;130,000
1,075;99,000
1,085;116,000
1,095;142,000
1,105;116,000
1,115;136,000
1,125;120,000
1,135;132,000
1,145;123,000
1,155;114,000
1,165;121,000
1,175;103,000
1,185;109,000
1,195;116,000
1,205;121,000
1,215;110,000
1,225;103,000
1,235;114,000
1,245;125,000
1,255;115,000
1,265;104,000
1,275;114,000
1,285;88,000
1,295;111,000
1,305;124,000
1,315;120,000
1,325;121,000
1,335;105,000
1,345;102,000
1,355;124,000
1,365;127,000
1,375;102,000
1,385;109,000
1,395;112,000
1,405;103,000
1,415;103,000
1,425;109,000
1,435;99,000
1,445;117,000
1,455;108,000
1,465;107,000
1,475;109,000
1,485;84,000
1,495;100,000
1,505;107,000
1,515;105,000
1,525;102,000
1,535;83,000
1,545;105,000
1,555;118,000
1,565;91,000
1,575;105,000
1,585;101,000
1,595;108,000
1,605;86,000
1,615;98,000
1,625;94,000
1,635;95,000
1,645;99,000
1,655;92,000
1,665;97,000
1,675;98,000
1,685;102,000
1,695;92,000
1,705;100,000
1,715;94,000
1,725;94,000
1,735;92,000
1,745;97,000
1,755;88,000
1,765;95,000
1,775;93,000
1,785;108,000
1,795;107,000
1,805;97,000
1,815;99,000
1,825;96,000
1,835;94,000
1,845;77,000
1,855;104,000
1,865;102,000
1,875;93,000
1,885;101,000
1,895;92,000
1,905;88,000
1,915;113,000
1,925;95,000
1,935;94,000
1,945;117,000
1,955;110,000
1,965;91,000
1,975;89,000
1,985;82,000
1,995;93,000
2,005;93,000
2,015;92,000
2,025;101,000
2,035;100,000
2,045;80,000
2,055;93,000
2,065;97,000
2,075;97,000
2,085;110,000
2,095;103,000
2,105;86,000
2,115;103,000
2,125;103,000
2,135;87,000
2,145;107,000
2,155;102,000
2,165;96,000
2,175;90,000
2,185;92,000
2,195;105,000
2,205;96,000
2,215;86,000
2,225;98,000
2,235;86,000
2,245;103,000
2,255;98,000
2,265;88,000
2,275;94,000
2,285;85,000
2,295;96,000
2,305;112,000
2,315;94,000
2,325;87,000
2,335;78,000
2,345;89,000
2,355;94,000
2,365;77,000
2,375;83,000
2,385;94,000
2,395;86,000
2,405;100,000
2,415;93,000
2,425;78,000
2,435;86,000
2,445;91,000
2,455;109,000
2,465;107,000
2,475;76,000
2,485;112,000
2,495;94,000
2,505;81,000
2,515;93,000
2,525;85,000
2,535;74,000
2,545;82,000
2,555;86,000
2,565;99,000
2,575;83,000
2,585;87,000
2,595;94,000
2,605;88,000
2,615;80,000
2,625;106,000
2,635;90,000
2,645;98,000
2,655;86,000
2,665;104,000
2,675;88,000
2,685;95,000
2,695;99,000
2,705;103,000
2,715;109,000
2,725;91,000
2,735;103,000
2,745;89,000
2,755;92,000
2,765;102,000
2,775;102,000
2,785;99,000
2,795;98,000
2,805;93,000
2,815;74,000
2,825;92,000
2,835;84,000
2,845;100,000
2,855;91,000
2,865;100,000
2,875;97,000
2,885;88,000
2,895;109,000
2,905;108,000
2,915;83,000
2,925;78,000
2,935;84,000
2,945;91,000
2,955;100,000
2,965;94,000
2,975;76,000
2,985;110,000
2,995;96,000
3,005;79,000
3,015;88,000
3,025;84,000
3,035;79,000
3,045;88,000
3,055;104,000
3,065;98,000
3,075;99,000
3,085;101,000
3,095;108,000
3,105;95,000
3,115;108,000
3,125;101,000
3,135;87,000
3,145;103,000
3,155;119,000
3,165;100,000
3,175;103,000
3,185;95,000
3,195;127,000
3,205;98,000
3,215;118,000
3,225;105,000
3,235;101,000
3,245;96,000
3,255;110,000
3,265;119,000
3,275;136,000
3,285;117,000
3,295;99,000
3,305;94,000
3,315;114,000
3,325;104,000
3,335;94,000
3,345;117,000
3,355;124,000
3,365;123,000
3,375;119,000
3,385;141,000
3,395;103,000
3,405;124,000
3,415;135,000
3,425;128,000
3,435;153,000
3,445;159,000
3,455;129,000
3,465;105,000
3,475;116,000
3,485;134,000
3,495;104,000
3,505;137,000
3,515;113,000
3,525;132,000
3,535;170,000
3,545;140,000
3,555;149,000
3,565;127,000
3,575;136,000
3,585;147,000
3,595;152,000
3,605;127,000
3,615;140,000
3,625;120,000
3,635;117,000
3,645;98,000
3,655;100,000
3,665;101,000
3,675;111,000
3,685;105,000
3,695;95,000
3,705;106,000
3,715;97,000
3,725;92,000
3,735;106,000
3,745;95,000
3,755;105,000
3,765;96,000
3,775;94,000
3,785;79,000
3,795;121,000
3,805;86,000
3,815;93,000
3,825;85,000
3,835;81,000
3,845;90,000
3,855;80,000
3,865;93,000
3,875;74,000
3,885;86,000
3,895;91,000
3,905;76,000
3,915;103,000
3,925;86,000
3,935;84,000
3,945;83,000
3,955;93,000
3,965;72,000
3,975;74,000
3,985;94,000
3,995;72,000
4,005;73,000
4,015;91,000
4,025;88,000
4,035;69,000
4,045;88,000
4,055;87,000
4,065;71,000
4,075;88,000
4,085;94,000
4,095;91,000
4,105;90,000
4,115;83,000
4,125;113,000
4,135;88,000
4,145;86,000
4,155;77,000
4,165;76,000
4,175;108,000
4,185;80,000
4,195;73,000
4,205;74,000
4,215;59,000
4,225;54,000
4,235;55,000
4,245;50,000
4,255;51,000
4,265;52,000
4,275;59,000
4,285;46,000
4,295;57,000
4,305;47,000
4,315;50,000
4,325;48,000
4,335;53,000
4,345;35,000
4,355;46,000
4,365;32,000
4,375;45,000
4,385;297,000
4,395;1177,000
4,405;1120,000
4,415;388,000
4,425;79,000
4,435;29,000
4,445;24,000
4,455;33,000
4,465;27,000
4,475;25,000
4,485;29,000
4,495;26,000
4,505;24,000
4,515;29,000
4,525;25,000
4,535;27,000
4,545;20,000
4,555;10,000
4,565;17,000
4,575;15,000
4,585;14,000
4,595;19,000
4,605;3,000
4,615;8,000
4,625;12,000
4,635;14,000
4,645;15,000
4,655;13,000
4,665;9,000
4,675;21,000
4,685;14,000
4,695;15,000
4,705;7,000
4,715;13,000
4,725;13,000
4,735;9,000
4,745;10,000
4,755;10,000
4,765;12,000
4,775;5,000
4,785;10,000
4,795;7,000
4,805;6,000
4,815;4,000
4,825;8,000
4,835;13,000
4,845;7,000
4,855;8,000
4,865;6,000
4,875;5,000
4,885;5,000
4,895;9,000
4,905;4,000
4,915;12,000
4,925;8,000
4,935;11,000
4,945;5,000
4,955;9,000
4,965;19,000
4,975;249,000
4,985;1100,000
4,995;935,000
5,005;270,000
5,015;31,000
5,025;7,000
5,035;7,000
5,045;1,000
5,055;2,000
5,065;0,000
5,075;2,000
5,085;0,000
5,095;3,000
5,105;2,000
5,115;1,000
5,125;1,000
5,135;2,000
5,145;3,000
5,155;4,000
5,165;2,000
5,175;1,000
5,185;1,000
5,195;2,000
5,205;0,000
5,215;2,000
5,225;0,000
5,235;1,000
5,245;3,000
5,255;2,000
5,265;1,000
5,275;0,000
5,285;1,000
5,295;5,000
5,305;0,000
5,315;1,000
5,325;0,000
5,335;0,000
5,345;1,000
5,355;1,000
5,365;3,000
5,375;0,000
5,385;2,000
5,395;0,000
5,405;0,000
5,415;0,000
5,425;1,000
5,435;0,000
5,445;3,000
5,455;16,000
5,465;17,000
5,475;14,000
5,485;1,000
5,495;0,000
5,505;2,000
5,515;2,000
5,525;1,000
5,535;0,000
5,545;4,000
5,555;0,000
5,565;2,000
5,575;1,000
5,585;0,000
5,595;1,000
5,605;1,000
5,615;0,000
5,625;3,000
5,635;0,000
5,645;3,000
5,655;1,000
5,665;0,000
5,675;2,000
5,685;1,000
5,695;2,000
5,705;3,000
5,715;0,000
5,725;1,000
5,735;0,000
5,745;0,000
5,755;0,000
5,765;0,000
5,775;1,000
5,785;1,000
5,795;0,000
5,805;0,000
5,815;0,000
5,825;0,000
5,835;0,000
5,845;0,000
5,855;3,000
5,865;0,000
5,875;0,000
5,885;0,000
5,895;0,000
5,905;1,000
5,915;0,000
5,925;1,000
5,935;2,000
5,945;0,000
5,955;0,000
5,965;3,000
5,975;3,000
5,985;1,000
5,995;2,000
6,005;2,000
6,015;1,000
6,025;0,000
6,035;1,000
6,045;0,000
6,055;1,000
6,065;1,000
6,075;1,000
6,085;2,000
6,095;1,000
6,105;0,000
6,115;2,000
6,125;1,000
6,135;2,000
6,145;0,000
6,155;0,000
6,165;0,000
6,175;0,000
6,185;4,000
6,195;1,000
6,205;0,000
6,215;2,000
6,225;2,000
6,235;1,000
6,245;1,000
6,255;1,000
6,265;0,000
6,275;0,000
6,285;1,000
6,295;1,000
6,305;0,000
6,315;1,000
6,325;1,000
6,335;0,000
6,345;1,000
6,355;1,000
6,365;2,000
6,375;3,000
6,385;0,000
6,395;1,000
6,405;0,000
6,415;0,000
6,425;0,000
6,435;0,000
6,445;1,000
6,455;1,000
6,465;0,000
6,475;0,000
6,485;1,000
6,495;1,000
6,505;0,000
6,515;1,000
6,525;0,000
6,535;1,000
6,545;0,000
6,555;0,000
6,565;0,000
6,575;1,000
6,585;2,000
6,595;4,000
6,605;1,000
6,615;1,000
6,625;0,000
6,635;0,000
6,645;1,000
6,655;2,000
6,665;1,000
6,675;0,000
6,685;2,000
6,695;0,000
6,705;0,000
6,715;0,000
6,725;0,000
6,735;0,000
6,745;0,000
6,755;0,000
6,765;1,000
6,775;0,000
6,785;1,000
6,795;0,000
6,805;0,000
6,815;0,000
6,825;0,000
6,835;0,000
6,845;0,000
6,855;0,000
6,865;0,000
6,875;0,000
6,885;2,000
6,895;0,000
6,905;2,000
6,915;0,000
6,925;0,000
6,935;0,000
6,945;1,000
6,955;0,000
6,965;2,000
6,975;0,000
6,985;1,000
6,995;0,000
7,005;1,000
7,015;0,000
7,025;0,000
7,035;0,000
7,045;0,000
7,055;1,000
7,065;0,000
7,075;0,000
7,085;1,000
7,095;0,000
7,105;1,000
7,115;1,000
7,125;0,000
7,135;0,000
7,145;0,000
7,155;0,000
7,165;0,000
7,175;0,000
7,185;1,000
7,195;0,000
7,205;0,000
7,215;2,000
7,225;0,000
7,235;0,000
7,245;1,000
7,255;0,000
7,265;0,000
7,275;0,000
7,285;1,000
7,295;0,000
7,305;1,000
7,315;0,000
7,325;1,000
7,335;1,000
7,345;1,000
7,355;0,000
7,365;3,000
7,375;0,000
7,385;0,000
7,395;1,000
7,405;0,000
7,415;0,000
7,425;0,000
7,435;0,000
7,445;1,000
7,455;0,000
7,465;1,000
7,475;0,000
7,485;1,000
7,495;1,000
7,505;0,000
7,515;1,000
7,525;2,000
7,535;0,000
7,545;0,000
7,555;0,000
7,565;0,000
7,575;0,000
7,585;0,000
7,595;0,000
7,605;0,000
7,615;0,000
7,625;1,000
7,635;0,000
7,645;0,000
7,655;0,000
7,665;0,000
7,675;1,000
7,685;2,000
7,695;3,000
7,705;1,000
7,715;1,000
7,725;0,000
7,735;0,000
7,745;0,000
7,755;0,000
7,765;0,000
7,775;0,000
7,785;0,000
7,795;0,000
7,805;0,000
7,815;2,000
7,825;1,000
7,835;2,000
7,845;0,000
7,855;0,000
7,865;0,000
7,875;1,000
7,885;0,000
7,895;0,000
7,905;0,000
7,915;0,000
7,925;0,000
7,935;0,000
7,945;0,000
7,955;0,000
7,965;1,000
7,975;0,000
7,985;2,000
7,995;1,000
8,005;1,000
8,015;0,000
8,025;0,000
8,035;0,000
8,045;1,000
8,055;1,000
8,065;0,000
8,075;0,000
8,085;0,000
8,095;0,000
8,105;1,000
8,115;0,000
8,125;0,000
8,135;2,000
8,145;0,000
8,155;0,000
8,165;1,000
8,175;0,000
8,185;0,000
8,195;0,000
8,205;0,000
8,215;1,000
8,225;1,000
8,235;2,000
8,245;1,000
8,255;0,000
8,265;1,000
8,275;0,000
8,285;0,000
8,295;0,000
8,305;1,000
8,315;0,000
8,325;0,000
8,335;0,000
8,345;1,000
8,355;0,000
8,365;1,000
8,375;0,000
8,385;0,000
8,395;0,000
8,405;0,000
8,415;3,000
8,425;2,000
8,435;0,000
8,445;0,000
8,455;0,000
8,465;0,000
8,475;0,000
8,485;0,000
8,495;0,000
8,505;0,000
8,515;1,000
8,525;1,000
8,535;0,000
8,545;0,000
8,555;0,000
8,565;0,000
8,575;0,000
8,585;1,000
8,595;0,000
8,605;2,000
8,615;0,000
8,625;0,000
8,635;0,000
8,645;0,000
8,655;0,000
8,665;1,000
8,675;0,000
8,685;0,000
8,695;0,000
8,705;1,000
8,715;0,000
8,725;0,000
8,735;0,000
8,745;1,000
8,755;0,000
8,765;0,000
8,775;0,000
8,785;0,000
8,795;1,000
8,805;0,000
8,815;1,000
8,825;0,000
8,835;1,000
8,845;0,000
8,855;0,000
8,865;1,000
8,875;0,000
8,885;0,000
8,895;0,000
8,905;0,000
8,915;0,000
8,925;3,000
8,935;0,000
8,945;0,000
8,955;1,000
8,965;0,000
8,975;0,000
8,985;0,000
8,995;0,000
9,005;0,000
9,015;0,000
9,025;0,000
9,035;0,000
9,045;0,000
9,055;0,000
9,065;0,000
9,075;0,000
9,085;0,000
9,095;1,000
9,105;0,000
9,115;1,000
9,125;0,000
9,135;0,000
9,145;0,000
9,155;0,000
9,165;0,000
9,175;1,000
9,185;0,000
9,195;1,000
9,205;0,000
9,215;0,000
9,225;0,000
9,235;0,000
9,245;0,000
9,255;0,000
9,265;0,000
9,275;1,000
9,285;0,000
9,295;0,000
9,305;0,000
9,315;2,000
9,325;3,000
9,335;1,000
9,345;0,000
9,355;0,000
9,365;0,000
9,375;0,000
9,385;0,000
9,395;0,000
9,405;0,000
9,415;0,000
9,425;0,000
9,435;0,000
9,445;0,000
9,455;0,000
9,465;0,000
9,475;0,000
9,485;0,000
9,495;0,000
9,505;0,000
9,515;0,000
9,525;0,000
9,535;0,000
9,545;0,000
9,555;0,000
9,565;0,000
9,575;0,000
9,585;0,000
9,595;0,000
9,605;0,000
9,615;0,000
9,625;0,000
9,635;0,000
9,645;0,000
9,655;0,000
9,665;0,000
9,675;0,000
9,685;1,000
9,695;0,000
9,705;0,000
9,715;0,000
9,725;1,000
9,735;3,000
9,745;0,000
9,755;0,000
9,765;0,000
9,775;0,000
9,785;0,000
9,795;0,000
9,805;0,000
9,815;0,000
9,825;0,000
9,835;0,000
9,845;0,000
9,855;0,000
9,865;0,000
9,875;0,000
9,885;0,000
9,895;0,000
9,905;0,000
9,915;0,000
9,925;0,000
9,935;0,000
9,945;1,000
9,955;0,000
9,965;2,000
9,975;10,000
9,985;3,000
9,995;0,000
