400um_inkoh
Position		g2		Rate D1		Rate D2		Rate Koinz.		
8000		1,51680093042144E-08		118020,030004235		73293,7222260177		131,205211311957		
8100		1,58226404628826E-08		118760,913498853		76694,8241619316		144,118105774793		
8200		1,44559474460856E-08		119389,62071203		70418,4824973972		121,534560575493		
8300		1,4759584798261E-08		118590,648328909		65742,7788531289		115,072789491394		
8400		1,46599413465673E-08		118827,696201633		67092,9696335729		116,876426554204		
8500		1,54562933665889E-08		119152,123486723		65047,715372949		119,795136456066		
8600		1,2821550013296E-08		118545,558808499		62436,5430563159		94,899662586747		
8700		1,37422085916845E-08		117309,811565669		65777,4303388806		106,039525787277		
8800		1,80590313256509E-08		118198,212540079		67323,1728636041		143,70435702629		
8900		1,51807507315659E-08		117594,46325822		64269,05021936		114,73132396585		
9000		1,71126157197545E-08		118696,18933651		63489,927285625		128,960884774838		
9100		1,53844266438917E-08		118351,779888419		63305,1284577421		115,264349426338		
9200		1,54075620893416E-08		119027,669450645		58669,2222072877		107,595024174332		
9300		1,44334604479222E-08		119649,627133849		61341,6957962245		105,934542155364		
9400		1,45590499368958E-08		117946,432350737		65088,9969008753		111,770044310835		
9500		1,4601405559972E-08		117242,800707652		64130,7245495267		109,786008277667		
9600		1,29556892748789E-08		117763,791545844		63655,7693684232		97,1203133378795		
9700		1,68329762039E-08		118290,339117183		69301,7272837429		137,992106851488		
9800		1,50932458929487E-08		118316,364934888		64310,8633354097		114,844924205815		
9900		1,68397981011152E-08		118742,955288501		58508,1393442713		116,993307982783		
10000		1,40679191731345E-08		118422,50759551		59486,7006112621		99,1023605488566		
10100		1,33651758073084E-08		118784,624392238		61725,7435439254		97,994394720622		
10200		1,62874733113682E-08		117836,982218029		62540,9753778447		120,032811613859		
10300		1,60021874778371E-08		118201,197443927		69643,4287521809		131,728993940766		
10400		1,42652011139463E-08		117028,877498017		73609,6488735595		122,886927080582		
10500		1,60827800409693E-08		118499,201340481		72334,1868773373		137,854246704959		
10600		1,62563716739298E-08		117884,559766788		73950,2234426584		141,716375584865		
10700		1,7749092875113E-08		119214,299899587		76480,6563457		161,828914471621		
10800		1,85741662623625E-08		118724,432663388		68241,4002443777		150,486437508824		
10900		1,78356962551169E-08		119336,089502117		66714,4417144417		141,997836072137		
11000		1,90413794299982E-08		119180,986889443		66419,4301487287		150,730288246555		
11100		1,58656174651276E-08		118120,213794861		60573,4583228967		113,517697260936		
11200		1,81468513769335E-08		117585,567657528		56605,4570593244		120,785166947872		
11300		2,09928108452199E-08		117431,454716886		60762,624301601		149,793012840436		
11400		1,95470678760997E-08		118468,326611606		60332,5392943614		139,712569331115		
11500		1,8763456584137E-08		118744,930433757		60491,587709139		134,779210346445		
11600		1,79220019772191E-08		118740,755685677		64747,5237896907		137,787396212874		
11700		2,49357866964901E-08		119475,451256183		66201,1366639998		197,227377526729		
11800		2,3197528517686E-08		117664,53648261		64926,1272502295		177,217581013681		
11900		2,33293611763138E-08		118015,975172962		68322,4966641376		188,10804688603		
12000		2,76852889046581E-08		118713,332524615		68926,2648378847		226,533951701165		
12100		2,95354158349174E-08		117020,940558191		64101,07564004		221,550120917902		
12200		2,83944786458395E-08		117196,263421757		66775,1639202432		222,209502491772		
12300		2,78499653403816E-08		116611,812382025		67646,7221707105		219,69185803256		
12400		2,71370893901457E-08		117800,153508454		66080,046703443		211,241607094559		
12500		3,12236903288465E-08		117865,906986569		71488,0047870779		263,090768590009		
12600		3,11733109046375E-08		118398,364362355		75107,4765458513		277,211858568886		
12700		3,13135413140111E-08		118067,021887282		67887,2296208448		250,985643621185		
12800		2,75795441304107E-08		118096,11676009		66939,7335479217		218,025193207485		
12900		2,72993024236053E-08		118757,909567289		69020,0051434185		223,763414941382		
13000		2,64239441361543E-08		118068,411314525		66707,0735951942		208,114936527917		
13100		2,35179480162224E-08		117588,297186977		66759,8949730987		184,620180901831		
13200		2,28149081513673E-08		117087,174557898		65293,2931164929		174,42013728054		
13300		2,39227249981003E-08		118344,186319166		57513,6771120773		162,827858388112		
13400		2,30415171410509E-08		117242,55527231		56494,7867339869		152,617635245239		
13500		1,98929755211903E-08		117407,557565836		56120,7954663706		131,07492560505		
13600		2,38605034989073E-08		118740,001188109		52261,3104970327		148,066547028897		
13700		2,03423554953568E-08		118910,434782009		51009,9027866256		123,388789190747		
13800		1,72288739616142E-08		118905,334146712		52193,8456739223		106,924574019427		
13900		1,99399161137922E-08		118888,356333337		50583,2488579613		119,913856264117		
14000		1,57256987216073E-08		116149,883346656		52555,4383905335		95,9945091140787		
14100		1,74446919581922E-08		116722,308061913		55052,3523084953		112,096757953439		
14200		1,39105498882637E-08		117414,018380204		52651,331746944		85,9950810813621		
14300		1,48551390864858E-08		117533,867863799		52839,391360931		92,2566238023875		
14400		1,70860868928302E-08		117018,210313474		51961,1004280893		103,89015693707		
14500		1,7564614573922E-08		117678,732116008		48472,9465916568		100,19268740199		
14600		1,73424787639871E-08		118509,564070562		45899,1583517491		94,3342267612101		
14700		1,44045250709329E-08		118356,420759797		47430,7825335318		80,863224785959		
14800		1,38821478625213E-08		118095,903689621		45247,4112400091		74,1797279859047		
14900		1,64482341931261E-08		118704,962470556		46604,0529894584		90,993808662571		
15000		1,37145113445502E-08		117954,680731408		49621,9127261826		80,2729120445739		
15100		1,2127278434679E-08		116840,07849453		47926,4608456035		67,9095024192022		
15200		1,50123612089035E-08		117506,075686026		45884,9493815936		80,9430536991025		
15300		1,65029083425461E-08		116857,221184587		46671,2428211864		90,0047455249344		
15400		1,31780082864585E-08		117628,025012193		44708,6210105891		69,3029715035092		
15500		1,39333439778104E-08		117528,632692253		45676,8354062727		74,7988722298459		
15600		1,67607949973015E-08		118343,921791505		47633,4589308655		94,4827859745422		
15700		1,35749683282695E-08		117972,584441776		45566,8498187444		72,9741296848898		
15800		1,63471280159077E-08		117658,950474233		44180,0963024822		84,9753754207146		
15900		1,59081553770566E-08		118079,291007963		47482,431203442		89,192124493971		
16000		1,63419511964035E-08		117513,713572125		48945,2501869773		93,9946235075354		