# Angle [deg] Detection Probability [%] Error Detection Probability [%]
0.000000000000000000e+00 1.656855916078318502e+00 7.530857461435820632e-02
1.000000000000000000e+01 1.676996566354459262e+00 7.641977837458022171e-02
2.000000000000000000e+01 1.742787576375352421e+00 8.048205369174689372e-02
3.000000000000000000e+01 1.871095229014500205e+00 8.999067953570838441e-02
4.000000000000000000e+01 2.092170663905586814e+00 1.097467793862568208e-01
5.000000000000000000e+01 2.451512416389230786e+00 1.466414730746945227e-01
6.000000000000000000e+01 3.009917773366566962e+00 2.085496071458271539e-01
7.000000000000000000e+01 3.839706397471148946e+00 3.034837199189575618e-01
8.000000000000000000e+01 5.015574401081493328e+00 4.389891078434082772e-01
9.000000000000000000e+01 6.599837164857502714e+00 6.209333866354376230e-01
