# Angle [deg], Energy [eV], Error [eV]
0.000000000000000000e+00 6.620000000000000000e+05 0.000000000000000000e+00
1.000000000000000000e+01 6.492223045255916659e+05 2.499847761453985640e+03
2.000000000000000000e+01 6.140271910456051119e+05 4.404365570814519742e+03
3.000000000000000000e+01 5.640936698117451742e+05 5.434116240266432214e+03
4.000000000000000000e+01 5.080235509049885441e+05 5.666196815409659393e+03
5.000000000000000000e+01 4.525665473040721845e+05 5.358896033408189396e+03
6.000000000000000000e+01 4.017600950118765468e+05 4.774420819958235370e+03
7.000000000000000000e+01 3.573718518896441092e+05 4.099047672124435849e+03
8.000000000000000000e+01 3.197236695330479415e+05 3.438408755670439859e+03
9.000000000000000000e+01 2.883904518329070997e+05 2.840653239777071576e+03
