0,005;0,000
0,015;0,000
0,025;0,000
0,035;0,000
0,045;0,000
0,055;0,000
0,065;0,000
0,075;0,000
0,085;0,000
0,095;0,000
0,105;0,000
0,115;0,000
0,125;0,000
0,135;0,000
0,145;0,000
0,155;0,000
0,165;0,000
0,175;0,000
0,185;0,000
0,195;0,000
0,205;0,000
0,215;0,000
0,225;0,000
0,235;0,000
0,245;0,000
0,255;0,000
0,265;0,000
0,275;0,000
0,285;0,000
0,295;0,000
0,305;0,000
0,315;0,000
0,325;0,000
0,335;0,000
0,345;0,000
0,355;0,000
0,365;0,000
0,375;0,000
0,385;0,000
0,395;0,000
0,405;0,000
0,415;0,000
0,425;0,000
0,435;0,000
0,445;0,000
0,455;0,000
0,465;0,000
0,475;0,000
0,485;0,000
0,495;0,000
0,505;0,000
0,515;0,000
0,525;0,000
0,535;0,000
0,545;0,000
0,555;0,000
0,565;0,000
0,575;0,000
0,585;0,000
0,595;0,000
0,605;0,000
0,615;0,000
0,625;0,000
0,635;0,000
0,645;0,000
0,655;0,000
0,665;0,000
0,675;0,000
0,685;0,000
0,695;0,000
0,705;0,000
0,715;0,000
0,725;0,000
0,735;0,000
0,745;0,000
0,755;0,000
0,765;0,000
0,775;0,000
0,785;0,000
0,795;0,000
0,805;0,000
0,815;0,000
0,825;0,000
0,835;0,000
0,845;0,000
0,855;0,000
0,865;0,000
0,875;0,000
0,885;0,000
0,895;0,000
0,905;0,000
0,915;0,000
0,925;0,000
0,935;0,000
0,945;0,000
0,955;0,000
0,965;0,000
0,975;0,000
0,985;0,000
0,995;0,000
1,005;0,000
1,015;0,000
1,025;0,000
1,035;0,000
1,045;0,000
1,055;0,000
1,065;0,000
1,075;0,000
1,085;0,000
1,095;0,000
1,105;0,000
1,115;0,000
1,125;0,000
1,135;0,000
1,145;0,000
1,155;0,000
1,165;0,000
1,175;0,000
1,185;0,000
1,195;0,000
1,205;0,000
1,215;0,000
1,225;0,000
1,235;0,000
1,245;0,000
1,255;0,000
1,265;0,000
1,275;0,000
1,285;0,000
1,295;0,000
1,305;0,000
1,315;0,000
1,325;0,000
1,335;0,000
1,345;0,000
1,355;0,000
1,365;0,000
1,375;0,000
1,385;0,000
1,395;0,000
1,405;0,000
1,415;0,000
1,425;1,000
1,435;0,000
1,445;0,000
1,455;0,000
1,465;2,000
1,475;15,000
1,485;57,000
1,495;129,000
1,505;162,000
1,515;213,000
1,525;196,000
1,535;200,000
1,545;207,000
1,555;190,000
1,565;208,000
1,575;201,000
1,585;181,000
1,595;206,000
1,605;212,000
1,615;189,000
1,625;200,000
1,635;186,000
1,645;203,000
1,655;175,000
1,665;227,000
1,675;216,000
1,685;192,000
1,695;174,000
1,705;213,000
1,715;207,000
1,725;201,000
1,735;226,000
1,745;221,000
1,755;213,000
1,765;217,000
1,775;220,000
1,785;243,000
1,795;253,000
1,805;222,000
1,815;270,000
1,825;229,000
1,835;245,000
1,845;269,000
1,855;253,000
1,865;286,000
1,875;259,000
1,885;247,000
1,895;279,000
1,905;242,000
1,915;283,000
1,925;282,000
1,935;297,000
1,945;270,000
1,955;308,000
1,965;325,000
1,975;278,000
1,985;291,000
1,995;311,000
2,005;284,000
2,015;271,000
2,025;289,000
2,035;299,000
2,045;318,000
2,055;345,000
2,065;283,000
2,075;279,000
2,085;293,000
2,095;306,000
2,105;293,000
2,115;279,000
2,125;274,000
2,135;289,000
2,145;291,000
2,155;265,000
2,165;294,000
2,175;296,000
2,185;273,000
2,195;270,000
2,205;289,000
2,215;286,000
2,225;259,000
2,235;294,000
2,245;280,000
2,255;283,000
2,265;288,000
2,275;265,000
2,285;264,000
2,295;265,000
2,305;277,000
2,315;275,000
2,325;253,000
2,335;286,000
2,345;286,000
2,355;256,000
2,365;263,000
2,375;314,000
2,385;305,000
2,395;291,000
2,405;252,000
2,415;275,000
2,425;256,000
2,435;263,000
2,445;253,000
2,455;288,000
2,465;264,000
2,475;287,000
2,485;255,000
2,495;257,000
2,505;280,000
2,515;288,000
2,525;284,000
2,535;277,000
2,545;235,000
2,555;250,000
2,565;257,000
2,575;242,000
2,585;262,000
2,595;241,000
2,605;264,000
2,615;216,000
2,625;239,000
2,635;229,000
2,645;228,000
2,655;207,000
2,665;245,000
2,675;233,000
2,685;227,000
2,695;266,000
2,705;225,000
2,715;250,000
2,725;244,000
2,735;232,000
2,745;264,000
2,755;267,000
2,765;229,000
2,775;287,000
2,785;232,000
2,795;257,000
2,805;262,000
2,815;219,000
2,825;218,000
2,835;180,000
2,845;246,000
2,855;200,000
2,865;238,000
2,875;220,000
2,885;206,000
2,895;224,000
2,905;211,000
2,915;237,000
2,925;189,000
2,935;222,000
2,945;201,000
2,955;232,000
2,965;196,000
2,975;202,000
2,985;228,000
2,995;233,000
3,005;203,000
3,015;255,000
3,025;218,000
3,035;215,000
3,045;208,000
3,055;199,000
3,065;186,000
3,075;200,000
3,085;179,000
3,095;202,000
3,105;195,000
3,115;197,000
3,125;212,000
3,135;197,000
3,145;213,000
3,155;204,000
3,165;207,000
3,175;170,000
3,185;209,000
3,195;205,000
3,205;203,000
3,215;191,000
3,225;201,000
3,235;192,000
3,245;197,000
3,255;208,000
3,265;217,000
3,275;190,000
3,285;191,000
3,295;213,000
3,305;208,000
3,315;199,000
3,325;185,000
3,335;208,000
3,345;180,000
3,355;206,000
3,365;187,000
3,375;205,000
3,385;200,000
3,395;144,000
3,405;190,000
3,415;177,000
3,425;187,000
3,435;198,000
3,445;179,000
3,455;194,000
3,465;199,000
3,475;209,000
3,485;193,000
3,495;168,000
3,505;179,000
3,515;209,000
3,525;182,000
3,535;175,000
3,545;215,000
3,555;179,000
3,565;175,000
3,575;176,000
3,585;184,000
3,595;170,000
3,605;169,000
3,615;185,000
3,625;172,000
3,635;177,000
3,645;170,000
3,655;177,000
3,665;176,000
3,675;162,000
3,685;188,000
3,695;178,000
3,705;176,000
3,715;185,000
3,725;190,000
3,735;178,000
3,745;164,000
3,755;159,000
3,765;172,000
3,775;177,000
3,785;188,000
3,795;179,000
3,805;160,000
3,815;169,000
3,825;177,000
3,835;183,000
3,845;178,000
3,855;162,000
3,865;181,000
3,875;152,000
3,885;165,000
3,895;187,000
3,905;172,000
3,915;180,000
3,925;178,000
3,935;177,000
3,945;193,000
3,955;174,000
3,965;183,000
3,975;198,000
3,985;177,000
3,995;182,000
4,005;183,000
4,015;191,000
4,025;176,000
4,035;189,000
4,045;178,000
4,055;166,000
4,065;186,000
4,075;168,000
4,085;204,000
4,095;186,000
4,105;189,000
4,115;186,000
4,125;198,000
4,135;179,000
4,145;193,000
4,155;182,000
4,165;168,000
4,175;208,000
4,185;199,000
4,195;210,000
4,205;160,000
4,215;185,000
4,225;142,000
4,235;187,000
4,245;168,000
4,255;191,000
4,265;186,000
4,275;181,000
4,285;178,000
4,295;153,000
4,305;190,000
4,315;164,000
4,325;167,000
4,335;175,000
4,345;158,000
4,355;178,000
4,365;158,000
4,375;155,000
4,385;154,000
4,395;140,000
4,405;156,000
4,415;142,000
4,425;144,000
4,435;157,000
4,445;141,000
4,455;141,000
4,465;132,000
4,475;126,000
4,485;125,000
4,495;97,000
4,505;111,000
4,515;104,000
4,525;102,000
4,535;110,000
4,545;95,000
4,555;102,000
4,565;103,000
4,575;115,000
4,585;91,000
4,595;86,000
4,605;77,000
4,615;88,000
4,625;71,000
4,635;82,000
4,645;66,000
4,655;81,000
4,665;57,000
4,675;74,000
4,685;78,000
4,695;73,000
4,705;63,000
4,715;74,000
4,725;66,000
4,735;74,000
4,745;61,000
4,755;54,000
4,765;62,000
4,775;48,000
4,785;67,000
4,795;63,000
4,805;52,000
4,815;57,000
4,825;60,000
4,835;51,000
4,845;50,000
4,855;43,000
4,865;38,000
4,875;56,000
4,885;53,000
4,895;47,000
4,905;52,000
4,915;41,000
4,925;36,000
4,935;37,000
4,945;36,000
4,955;39,000
4,965;36,000
4,975;27,000
4,985;39,000
4,995;50,000
5,005;34,000
5,015;49,000
5,025;29,000
5,035;38,000
5,045;32,000
5,055;38,000
5,065;32,000
5,075;35,000
5,085;36,000
5,095;29,000
5,105;29,000
5,115;35,000
5,125;28,000
5,135;38,000
5,145;37,000
5,155;29,000
5,165;38,000
5,175;31,000
5,185;35,000
5,195;38,000
5,205;35,000
5,215;32,000
5,225;37,000
5,235;28,000
5,245;24,000
5,255;26,000
5,265;35,000
5,275;26,000
5,285;40,000
5,295;29,000
5,305;29,000
5,315;34,000
5,325;31,000
5,335;28,000
5,345;41,000
5,355;39,000
5,365;34,000
5,375;39,000
5,385;43,000
5,395;36,000
5,405;37,000
5,415;26,000
5,425;40,000
5,435;37,000
5,445;37,000
5,455;50,000
5,465;38,000
5,475;56,000
5,485;61,000
5,495;40,000
5,505;57,000
5,515;51,000
5,525;51,000
5,535;55,000
5,545;56,000
5,555;61,000
5,565;74,000
5,575;46,000
5,585;64,000
5,595;79,000
5,605;69,000
5,615;64,000
5,625;75,000
5,635;91,000
5,645;93,000
5,655;110,000
5,665;111,000
5,675;112,000
5,685;136,000
5,695;131,000
5,705;168,000
5,715;151,000
5,725;186,000
5,735;169,000
5,745;208,000
5,755;178,000
5,765;223,000
5,775;257,000
5,785;252,000
5,795;292,000
5,805;327,000
5,815;351,000
5,825;331,000
5,835;378,000
5,845;443,000
5,855;437,000
5,865;487,000
5,875;481,000
5,885;579,000
5,895;600,000
5,905;631,000
5,915;704,000
5,925;698,000
5,935;728,000
5,945;808,000
5,955;908,000
5,965;920,000
5,975;981,000
5,985;982,000
5,995;1073,000
6,005;1075,000
6,015;1142,000
6,025;1174,000
6,035;1304,000
6,045;1291,000
6,055;1258,000
6,065;1400,000
6,075;1411,000
6,085;1492,000
6,095;1393,000
6,105;1495,000
6,115;1526,000
6,125;1551,000
6,135;1645,000
6,145;1640,000
6,155;1689,000
6,165;1724,000
6,175;1694,000
6,185;1545,000
6,195;1665,000
6,205;1628,000
6,215;1666,000
6,225;1685,000
6,235;1614,000
6,245;1588,000
6,255;1594,000
6,265;1520,000
6,275;1571,000
6,285;1381,000
6,295;1465,000
6,305;1386,000
6,315;1350,000
6,325;1328,000
6,335;1272,000
6,345;1258,000
6,355;1087,000
6,365;1158,000
6,375;1091,000
6,385;1073,000
6,395;978,000
6,405;965,000
6,415;852,000
6,425;820,000
6,435;748,000
6,445;649,000
6,455;664,000
6,465;651,000
6,475;552,000
6,485;533,000
6,495;449,000
6,505;444,000
6,515;419,000
6,525;401,000
6,535;339,000
6,545;346,000
6,555;318,000
6,565;258,000
6,575;224,000
6,585;233,000
6,595;202,000
6,605;198,000
6,615;152,000
6,625;156,000
6,635;144,000
6,645;116,000
6,655;114,000
6,665;98,000
6,675;86,000
6,685;77,000
6,695;83,000
6,705;65,000
6,715;64,000
6,725;54,000
6,735;35,000
6,745;47,000
6,755;43,000
6,765;51,000
6,775;32,000
6,785;24,000
6,795;25,000
6,805;22,000
6,815;18,000
6,825;26,000
6,835;24,000
6,845;17,000
6,855;14,000
6,865;13,000
6,875;21,000
6,885;13,000
6,895;11,000
6,905;9,000
6,915;9,000
6,925;12,000
6,935;11,000
6,945;6,000
6,955;7,000
6,965;6,000
6,975;8,000
6,985;10,000
6,995;9,000
7,005;6,000
7,015;8,000
7,025;13,000
7,035;7,000
7,045;8,000
7,055;7,000
7,065;3,000
7,075;10,000
7,085;8,000
7,095;2,000
7,105;3,000
7,115;7,000
7,125;7,000
7,135;2,000
7,145;6,000
7,155;8,000
7,165;8,000
7,175;8,000
7,185;4,000
7,195;5,000
7,205;10,000
7,215;7,000
7,225;5,000
7,235;5,000
7,245;14,000
7,255;2,000
7,265;9,000
7,275;9,000
7,285;5,000
7,295;6,000
7,305;8,000
7,315;5,000
7,325;7,000
7,335;7,000
7,345;8,000
7,355;2,000
7,365;11,000
7,375;7,000
7,385;3,000
7,395;4,000
7,405;3,000
7,415;10,000
7,425;7,000
7,435;5,000
7,445;7,000
7,455;1,000
7,465;5,000
7,475;6,000
7,485;4,000
7,495;2,000
7,505;5,000
7,515;6,000
7,525;6,000
7,535;1,000
7,545;3,000
7,555;3,000
7,565;8,000
7,575;1,000
7,585;0,000
7,595;9,000
7,605;2,000
7,615;2,000
7,625;4,000
7,635;6,000
7,645;4,000
7,655;3,000
7,665;4,000
7,675;9,000
7,685;3,000
7,695;4,000
7,705;2,000
7,715;2,000
7,725;3,000
7,735;2,000
7,745;3,000
7,755;1,000
7,765;4,000
7,775;5,000
7,785;5,000
7,795;6,000
7,805;1,000
7,815;6,000
7,825;2,000
7,835;2,000
7,845;3,000
7,855;4,000
7,865;1,000
7,875;8,000
7,885;6,000
7,895;2,000
7,905;1,000
7,915;6,000
7,925;0,000
7,935;2,000
7,945;2,000
7,955;2,000
7,965;3,000
7,975;4,000
7,985;4,000
7,995;5,000
8,005;3,000
8,015;3,000
8,025;5,000
8,035;3,000
8,045;3,000
8,055;2,000
8,065;5,000
8,075;3,000
8,085;5,000
8,095;4,000
8,105;3,000
8,115;2,000
8,125;2,000
8,135;4,000
8,145;4,000
8,155;2,000
8,165;5,000
8,175;5,000
8,185;4,000
8,195;4,000
8,205;3,000
8,215;4,000
8,225;0,000
8,235;4,000
8,245;2,000
8,255;2,000
8,265;6,000
8,275;3,000
8,285;4,000
8,295;3,000
8,305;2,000
8,315;4,000
8,325;2,000
8,335;6,000
8,345;3,000
8,355;1,000
8,365;1,000
8,375;3,000
8,385;3,000
8,395;2,000
8,405;8,000
8,415;2,000
8,425;2,000
8,435;3,000
8,445;5,000
8,455;1,000
8,465;3,000
8,475;4,000
8,485;6,000
8,495;2,000
8,505;5,000
8,515;3,000
8,525;1,000
8,535;1,000
8,545;3,000
8,555;1,000
8,565;3,000
8,575;3,000
8,585;2,000
8,595;1,000
8,605;3,000
8,615;2,000
8,625;1,000
8,635;1,000
8,645;4,000
8,655;0,000
8,665;4,000
8,675;6,000
8,685;3,000
8,695;4,000
8,705;3,000
8,715;2,000
8,725;2,000
8,735;1,000
8,745;8,000
8,755;2,000
8,765;5,000
8,775;4,000
8,785;3,000
8,795;1,000
8,805;4,000
8,815;1,000
8,825;2,000
8,835;2,000
8,845;5,000
8,855;4,000
8,865;5,000
8,875;3,000
8,885;1,000
8,895;2,000
8,905;4,000
8,915;3,000
8,925;4,000
8,935;5,000
8,945;2,000
8,955;5,000
8,965;2,000
8,975;2,000
8,985;2,000
8,995;4,000
9,005;2,000
9,015;2,000
9,025;2,000
9,035;2,000
9,045;5,000
9,055;3,000
9,065;0,000
9,075;2,000
9,085;2,000
9,095;4,000
9,105;4,000
9,115;1,000
9,125;1,000
9,135;5,000
9,145;2,000
9,155;1,000
9,165;3,000
9,175;3,000
9,185;2,000
9,195;4,000
9,205;6,000
9,215;1,000
9,225;1,000
9,235;1,000
9,245;1,000
9,255;1,000
9,265;2,000
9,275;4,000
9,285;1,000
9,295;5,000
9,305;2,000
9,315;0,000
9,325;4,000
9,335;0,000
9,345;1,000
9,355;4,000
9,365;2,000
9,375;3,000
9,385;1,000
9,395;2,000
9,405;0,000
9,415;1,000
9,425;1,000
9,435;1,000
9,445;3,000
9,455;1,000
9,465;3,000
9,475;1,000
9,485;3,000
9,495;2,000
9,505;2,000
9,515;1,000
9,525;1,000
9,535;0,000
9,545;0,000
9,555;0,000
9,565;3,000
9,575;2,000
9,585;1,000
9,595;2,000
9,605;2,000
9,615;2,000
9,625;2,000
9,635;3,000
9,645;3,000
9,655;2,000
9,665;3,000
9,675;1,000
9,685;5,000
9,695;0,000
9,705;1,000
9,715;2,000
9,725;1,000
9,735;1,000
9,745;4,000
9,755;1,000
9,765;3,000
9,775;3,000
9,785;6,000
9,795;3,000
9,805;1,000
9,815;3,000
9,825;2,000
9,835;3,000
9,845;4,000
9,855;0,000
9,865;3,000
9,875;2,000
9,885;1,000
9,895;0,000
9,905;1,000
9,915;3,000
9,925;0,000
9,935;1,000
9,945;0,000
9,955;2,000
9,965;4,000
9,975;1,000
9,985;1,000
9,995;2,000
10,005;2,000
10,015;3,000
10,025;1,000
10,035;2,000
10,045;2,000
10,055;1,000
10,065;1,000
10,075;0,000
10,085;1,000
10,095;3,000
10,105;3,000
10,115;1,000
10,125;2,000
10,135;0,000
10,145;0,000
10,155;0,000
10,165;1,000
10,175;0,000
10,185;2,000
10,195;4,000
10,205;2,000
10,215;0,000
10,225;0,000
10,235;2,000
10,245;0,000
10,255;0,000
10,265;1,000
10,275;1,000
10,285;3,000
10,295;1,000
10,305;4,000
10,315;1,000
10,325;0,000
10,335;2,000
10,345;1,000
10,355;2,000
10,365;2,000
10,375;0,000
10,385;3,000
10,395;1,000
10,405;0,000
10,415;2,000
10,425;0,000
10,435;2,000
10,445;1,000
10,455;0,000
10,465;2,000
10,475;2,000
10,485;1,000
10,495;2,000
10,505;2,000
10,515;1,000
10,525;5,000
10,535;1,000
10,545;1,000
10,555;3,000
10,565;3,000
10,575;1,000
10,585;1,000
10,595;1,000
10,605;1,000
10,615;2,000
10,625;0,000
10,635;0,000
10,645;1,000
10,655;1,000
10,665;0,000
10,675;0,000
10,685;1,000
10,695;2,000
10,705;2,000
10,715;4,000
10,725;0,000
10,735;0,000
10,745;2,000
10,755;3,000
10,765;1,000
10,775;1,000
10,785;0,000
10,795;0,000
10,805;1,000
10,815;1,000
10,825;3,000
10,835;1,000
10,845;1,000
10,855;2,000
10,865;3,000
10,875;1,000
10,885;1,000
10,895;2,000
10,905;2,000
10,915;3,000
10,925;1,000
10,935;1,000
10,945;1,000
10,955;1,000
10,965;0,000
10,975;0,000
10,985;1,000
10,995;0,000
11,005;0,000
11,015;2,000
11,025;1,000
11,035;2,000
11,045;0,000
11,055;0,000
11,065;0,000
11,075;1,000
11,085;0,000
11,095;5,000
11,105;3,000
11,115;1,000
11,125;1,000
11,135;5,000
11,145;0,000
11,155;0,000
11,165;2,000
11,175;1,000
11,185;0,000
11,195;1,000
11,205;4,000
11,215;1,000
11,225;0,000
11,235;2,000
11,245;0,000
11,255;2,000
11,265;5,000
11,275;0,000
11,285;0,000
11,295;0,000
11,305;0,000
11,315;3,000
11,325;1,000
11,335;2,000
11,345;0,000
11,355;0,000
11,365;1,000
11,375;2,000
11,385;2,000
11,395;1,000
11,405;3,000
11,415;0,000
11,425;1,000
11,435;1,000
11,445;3,000
11,455;0,000
11,465;2,000
11,475;1,000
11,485;1,000
11,495;5,000
11,505;1,000
11,515;1,000
11,525;2,000
11,535;1,000
11,545;2,000
11,555;0,000
11,565;4,000
11,575;3,000
11,585;1,000
11,595;1,000
11,605;5,000
11,615;3,000
11,625;1,000
11,635;4,000
11,645;3,000
11,655;0,000
11,665;0,000
11,675;3,000
11,685;2,000
11,695;2,000
11,705;3,000
11,715;1,000
11,725;1,000
11,735;5,000
11,745;2,000
11,755;5,000
11,765;2,000
11,775;0,000
11,785;3,000
11,795;2,000
11,805;1,000
11,815;3,000
11,825;0,000
11,835;4,000
11,845;3,000
11,855;2,000
11,865;0,000
11,875;1,000
11,885;0,000
11,895;1,000
11,905;1,000
11,915;3,000
11,925;2,000
11,935;0,000
11,945;1,000
11,955;1,000
11,965;2,000
11,975;0,000
11,985;1,000
11,995;3,000
12,005;2,000
12,015;5,000
12,025;0,000
12,035;1,000
12,045;1,000
12,055;1,000
12,065;4,000
12,075;2,000
12,085;1,000
12,095;2,000
12,105;1,000
12,115;0,000
12,125;5,000
12,135;3,000
12,145;3,000
12,155;1,000
12,165;0,000
12,175;4,000
12,185;2,000
12,195;1,000
12,205;5,000
12,215;2,000
12,225;1,000
12,235;0,000
12,245;0,000
12,255;1,000
12,265;0,000
12,275;1,000
12,285;2,000
12,295;2,000
12,305;2,000
12,315;1,000
12,325;5,000
12,335;0,000
12,345;1,000
12,355;0,000
12,365;1,000
12,375;0,000
12,385;1,000
12,395;1,000
12,405;2,000
12,415;0,000
12,425;1,000
12,435;1,000
12,445;1,000
12,455;0,000
12,465;3,000
12,475;0,000
12,485;2,000
12,495;0,000
12,505;2,000
12,515;2,000
12,525;2,000
12,535;2,000
12,545;2,000
12,555;2,000
12,565;2,000
12,575;2,000
12,585;2,000
12,595;3,000
12,605;1,000
12,615;2,000
12,625;1,000
12,635;2,000
12,645;2,000
12,655;2,000
12,665;1,000
12,675;1,000
12,685;2,000
12,695;1,000
12,705;0,000
12,715;1,000
12,725;3,000
12,735;0,000
12,745;2,000
12,755;2,000
12,765;1,000
12,775;1,000
12,785;2,000
12,795;2,000
12,805;0,000
12,815;3,000
12,825;0,000
12,835;0,000
12,845;2,000
12,855;0,000
12,865;1,000
12,875;1,000
12,885;0,000
12,895;4,000
12,905;2,000
12,915;1,000
12,925;1,000
12,935;0,000
12,945;1,000
12,955;2,000
12,965;1,000
12,975;1,000
12,985;2,000
12,995;1,000
13,005;1,000
13,015;1,000
13,025;3,000
13,035;0,000
13,045;0,000
13,055;0,000
13,065;2,000
13,075;0,000
13,085;0,000
13,095;2,000
13,105;0,000
13,115;1,000
13,125;0,000
13,135;0,000
13,145;1,000
13,155;0,000
13,165;2,000
13,175;0,000
13,185;0,000
13,195;1,000
13,205;0,000
13,215;0,000
13,225;0,000
13,235;0,000
13,245;1,000
13,255;0,000
13,265;0,000
13,275;0,000
13,285;0,000
13,295;1,000
13,305;0,000
13,315;0,000
13,325;0,000
13,335;0,000
13,345;0,000
13,355;0,000
13,365;0,000
13,375;1,000
13,385;0,000
13,395;0,000
13,405;1,000
13,415;1,000
13,425;0,000
13,435;0,000
13,445;0,000
13,455;0,000
13,465;0,000
13,475;0,000
13,485;1,000
13,495;0,000
13,505;0,000
13,515;0,000
13,525;1,000
13,535;0,000
13,545;1,000
13,555;0,000
13,565;0,000
13,575;1,000
13,585;0,000
13,595;0,000
13,605;0,000
13,615;0,000
13,625;1,000
13,635;0,000
13,645;0,000
13,655;0,000
13,665;1,000
13,675;0,000
13,685;0,000
13,695;0,000
13,705;0,000
13,715;0,000
13,725;0,000
13,735;0,000
13,745;0,000
13,755;0,000
13,765;1,000
13,775;1,000
13,785;0,000
13,795;1,000
13,805;1,000
13,815;1,000
13,825;2,000
13,835;1,000
13,845;0,000
13,855;0,000
13,865;1,000
13,875;0,000
13,885;0,000
13,895;0,000
13,905;0,000
13,915;0,000
13,925;0,000
13,935;1,000
13,945;0,000
13,955;0,000
13,965;0,000
13,975;0,000
13,985;0,000
13,995;0,000
14,005;0,000
14,015;0,000
14,025;0,000
14,035;0,000
14,045;0,000
14,055;0,000
14,065;0,000
14,075;0,000
14,085;0,000
14,095;0,000
14,105;0,000
14,115;0,000
14,125;0,000
14,135;0,000
14,145;1,000
14,155;1,000
14,165;0,000
14,175;1,000
14,185;0,000
14,195;1,000
14,205;0,000
14,215;0,000
14,225;1,000
14,235;0,000
14,245;1,000
14,255;0,000
14,265;0,000
14,275;0,000
14,285;0,000
14,295;1,000
14,305;0,000
14,315;0,000
14,325;0,000
14,335;0,000
14,345;0,000
14,355;0,000
14,365;1,000
14,375;0,000
14,385;1,000
14,395;0,000
14,405;0,000
14,415;1,000
14,425;0,000
14,435;1,000
14,445;0,000
14,455;0,000
14,465;0,000
14,475;0,000
14,485;0,000
14,495;0,000
14,505;1,000
14,515;1,000
14,525;0,000
14,535;1,000
14,545;0,000
14,555;0,000
14,565;1,000
14,575;1,000
14,585;0,000
14,595;0,000
14,605;0,000
14,615;0,000
14,625;0,000
14,635;0,000
14,645;2,000
14,655;0,000
14,665;0,000
14,675;0,000
14,685;1,000
14,695;0,000
14,705;1,000
14,715;0,000
14,725;1,000
14,735;0,000
14,745;0,000
14,755;0,000
14,765;0,000
14,775;0,000
14,785;0,000
14,795;0,000
14,805;0,000
14,815;0,000
14,825;0,000
14,835;0,000
14,845;0,000
14,855;0,000
14,865;0,000
14,875;0,000
14,885;0,000
14,895;0,000
14,905;0,000
14,915;0,000
14,925;0,000
14,935;0,000
14,945;0,000
14,955;0,000
14,965;0,000
14,975;0,000
14,985;0,000
14,995;0,000
15,005;0,000
15,015;0,000
15,025;0,000
15,035;0,000
15,045;0,000
15,055;0,000
15,065;0,000
15,075;0,000
15,085;1,000
15,095;0,000
15,105;0,000
15,115;1,000
15,125;0,000
15,135;0,000
15,145;1,000
15,155;2,000
15,165;0,000
15,175;0,000
15,185;0,000
15,195;0,000
15,205;1,000
15,215;0,000
15,225;0,000
15,235;0,000
15,245;0,000
15,255;0,000
15,265;0,000
15,275;0,000
15,285;0,000
15,295;0,000
15,305;1,000
15,315;1,000
15,325;0,000
15,335;1,000
15,345;0,000
15,355;0,000
15,365;0,000
15,375;0,000
15,385;1,000
15,395;0,000
15,405;0,000
15,415;0,000
15,425;0,000
15,435;1,000
15,445;0,000
15,455;1,000
15,465;1,000
15,475;1,000
15,485;1,000
15,495;0,000
15,505;0,000
15,515;0,000
15,525;1,000
15,535;1,000
15,545;0,000
15,555;0,000
15,565;0,000
15,575;1,000
15,585;1,000
15,595;0,000
15,605;0,000
15,615;1,000
15,625;1,000
15,635;0,000
15,645;0,000
15,655;0,000
15,665;0,000
15,675;3,000
15,685;0,000
15,695;1,000
15,705;0,000
15,715;0,000
15,725;1,000
15,735;0,000
15,745;0,000
15,755;0,000
15,765;1,000
15,775;0,000
15,785;0,000
15,795;1,000
15,805;0,000
15,815;0,000
15,825;1,000
15,835;0,000
15,845;0,000
15,855;0,000
15,865;1,000
15,875;0,000
15,885;1,000
15,895;0,000
15,905;1,000
15,915;0,000
15,925;0,000
15,935;1,000
15,945;0,000
15,955;0,000
15,965;0,000
15,975;0,000
15,985;0,000
15,995;0,000
16,005;1,000
16,015;0,000
16,025;0,000
16,035;0,000
16,045;0,000
16,055;0,000
16,065;0,000
16,075;0,000
16,085;0,000
16,095;0,000
16,105;0,000
16,115;0,000
16,125;0,000
16,135;0,000
16,145;0,000
16,155;0,000
16,165;0,000
16,175;0,000
16,185;2,000
16,195;1,000
16,205;0,000
16,215;0,000
16,225;0,000
16,235;0,000
16,245;0,000
16,255;0,000
16,265;2,000
16,275;0,000
16,285;0,000
16,295;0,000
16,305;1,000
16,315;0,000
16,325;0,000
16,335;1,000
16,345;0,000
16,355;0,000
16,365;0,000
16,375;1,000
16,385;1,000
16,395;0,000
16,405;0,000
16,415;0,000
16,425;0,000
16,435;0,000
16,445;0,000
16,455;0,000
16,465;0,000
16,475;0,000
16,485;0,000
16,495;0,000
16,505;1,000
16,515;0,000
16,525;0,000
16,535;0,000
16,545;0,000
16,555;0,000
16,565;0,000
16,575;0,000
16,585;0,000
16,595;0,000
16,605;0,000
16,615;1,000
16,625;0,000
16,635;0,000
16,645;0,000
16,655;0,000
16,665;0,000
16,675;0,000
16,685;0,000
16,695;0,000
16,705;0,000
16,715;0,000
16,725;0,000
16,735;0,000
16,745;0,000
16,755;0,000
16,765;0,000
16,775;0,000
16,785;0,000
16,795;0,000
16,805;0,000
16,815;0,000
16,825;0,000
16,835;0,000
16,845;0,000
16,855;0,000
16,865;0,000
16,875;0,000
16,885;0,000
16,895;0,000
16,905;0,000
16,915;1,000
16,925;0,000
16,935;0,000
16,945;0,000
16,955;0,000
16,965;0,000
16,975;0,000
16,985;0,000
16,995;0,000
17,005;0,000
17,015;0,000
17,025;0,000
17,035;1,000
17,045;0,000
17,055;1,000
17,065;0,000
17,075;1,000
17,085;0,000
17,095;1,000
17,105;0,000
17,115;1,000
17,125;0,000
17,135;0,000
17,145;0,000
17,155;0,000
17,165;0,000
17,175;0,000
17,185;0,000
17,195;1,000
17,205;0,000
17,215;0,000
17,225;0,000
17,235;0,000
17,245;1,000
17,255;0,000
17,265;0,000
17,275;0,000
17,285;0,000
17,295;0,000
17,305;1,000
17,315;0,000
17,325;3,000
17,335;0,000
17,345;0,000
17,355;0,000
17,365;0,000
17,375;2,000
17,385;0,000
17,395;0,000
17,405;0,000
17,415;0,000
17,425;0,000
17,435;1,000
17,445;0,000
17,455;0,000
17,465;0,000
17,475;0,000
17,485;0,000
17,495;0,000
17,505;0,000
17,515;0,000
17,525;0,000
17,535;1,000
17,545;0,000
17,555;0,000
17,565;0,000
17,575;0,000
17,585;0,000
17,595;0,000
17,605;0,000
17,615;0,000
17,625;0,000
17,635;0,000
17,645;0,000
17,655;0,000
17,665;0,000
17,675;0,000
17,685;0,000
17,695;0,000
17,705;0,000
17,715;0,000
17,725;0,000
17,735;0,000
17,745;0,000
17,755;0,000
17,765;0,000
17,775;0,000
17,785;0,000
17,795;0,000
17,805;0,000
17,815;0,000
17,825;0,000
17,835;0,000
17,845;0,000
17,855;0,000
17,865;0,000
17,875;0,000
17,885;0,000
17,895;0,000
17,905;0,000
17,915;0,000
17,925;0,000
17,935;0,000
17,945;0,000
17,955;0,000
17,965;0,000
17,975;0,000
17,985;0,000
17,995;0,000
18,005;0,000
18,015;0,000
18,025;0,000
18,035;0,000
18,045;0,000
18,055;0,000
18,065;0,000
18,075;0,000
18,085;0,000
18,095;0,000
18,105;0,000
18,115;0,000
18,125;0,000
18,135;0,000
18,145;0,000
18,155;0,000
18,165;0,000
18,175;0,000
18,185;0,000
18,195;0,000
18,205;0,000
18,215;0,000
18,225;0,000
18,235;0,000
18,245;0,000
18,255;0,000
18,265;0,000
18,275;0,000
18,285;1,000
18,295;0,000
18,305;0,000
18,315;0,000
18,325;0,000
18,335;0,000
18,345;0,000
18,355;0,000
18,365;0,000
18,375;0,000
18,385;0,000
18,395;0,000
18,405;0,000
18,415;0,000
18,425;0,000
18,435;0,000
18,445;0,000
18,455;0,000
18,465;0,000
18,475;0,000
18,485;0,000
18,495;0,000
18,505;0,000
18,515;0,000
18,525;0,000
18,535;0,000
18,545;0,000
18,555;0,000
18,565;0,000
18,575;0,000
18,585;0,000
18,595;0,000
18,605;0,000
18,615;0,000
18,625;0,000
18,635;0,000
18,645;0,000
18,655;0,000
18,665;0,000
18,675;0,000
18,685;0,000
18,695;0,000
18,705;0,000
18,715;0,000
18,725;0,000
18,735;0,000
18,745;0,000
18,755;0,000
18,765;0,000
18,775;0,000
18,785;0,000
18,795;0,000
18,805;0,000
18,815;0,000
18,825;0,000
18,835;0,000
18,845;0,000
18,855;0,000
18,865;0,000
18,875;0,000
18,885;0,000
18,895;0,000
18,905;0,000
18,915;0,000
18,925;0,000
18,935;0,000
18,945;0,000
18,955;0,000
18,965;0,000
18,975;0,000
18,985;0,000
18,995;0,000
19,005;0,000
19,015;0,000
19,025;0,000
19,035;0,000
19,045;0,000
19,055;0,000
19,065;0,000
19,075;0,000
19,085;0,000
19,095;0,000
19,105;0,000
19,115;0,000
19,125;0,000
19,135;0,000
19,145;0,000
19,155;0,000
19,165;0,000
19,175;0,000
19,185;0,000
19,195;0,000
19,205;0,000
19,215;0,000
19,225;0,000
19,235;0,000
19,245;1,000
19,255;0,000
19,265;0,000
19,275;0,000
19,285;0,000
19,295;0,000
19,305;0,000
19,315;0,000
19,325;0,000
19,335;0,000
19,345;0,000
19,355;0,000
19,365;0,000
19,375;0,000
19,385;0,000
19,395;0,000
19,405;0,000
19,415;0,000
19,425;0,000
19,435;0,000
19,445;0,000
19,455;0,000
19,465;0,000
19,475;0,000
19,485;0,000
19,495;0,000
19,505;0,000
19,515;0,000
19,525;0,000
19,535;0,000
19,545;0,000
19,555;0,000
19,565;0,000
19,575;0,000
19,585;0,000
19,595;0,000
19,605;0,000
19,615;0,000
19,625;0,000
19,635;0,000
19,645;0,000
19,655;0,000
19,665;0,000
19,675;0,000
19,685;0,000
19,695;0,000
19,705;0,000
19,715;0,000
19,725;0,000
19,735;0,000
19,745;0,000
19,755;0,000
19,765;0,000
19,775;0,000
19,785;0,000
19,795;0,000
19,805;0,000
19,815;0,000
19,825;0,000
19,835;0,000
19,845;0,000
19,855;0,000
19,865;0,000
19,875;0,000
19,885;1,000
19,895;1,000
19,905;0,000
19,915;0,000
19,925;29,000
19,935;0,000
19,945;0,000
19,955;0,000
19,965;0,000
19,975;0,000
19,985;0,000
19,995;7,000
