0,005;0,000
0,015;0,000
0,025;0,000
0,035;0,000
0,045;0,000
0,055;0,000
0,065;0,000
0,075;0,000
0,085;0,000
0,095;0,000
0,105;0,000
0,115;0,000
0,125;0,000
0,135;0,000
0,145;0,000
0,155;0,000
0,165;0,000
0,175;0,000
0,185;0,000
0,195;0,000
0,205;0,000
0,215;0,000
0,225;0,000
0,235;0,000
0,245;0,000
0,255;0,000
0,265;0,000
0,275;0,000
0,285;0,000
0,295;0,000
0,305;0,000
0,315;0,000
0,325;0,000
0,335;0,000
0,345;0,000
0,355;0,000
0,365;0,000
0,375;0,000
0,385;0,000
0,395;0,000
0,405;0,000
0,415;0,000
0,425;0,000
0,435;0,000
0,445;0,000
0,455;0,000
0,465;0,000
0,475;0,000
0,485;0,000
0,495;0,000
0,505;0,000
0,515;0,000
0,525;0,000
0,535;0,000
0,545;0,000
0,555;0,000
0,565;0,000
0,575;0,000
0,585;0,000
0,595;0,000
0,605;0,000
0,615;0,000
0,625;0,000
0,635;0,000
0,645;0,000
0,655;0,000
0,665;0,000
0,675;0,000
0,685;0,000
0,695;0,000
0,705;0,000
0,715;0,000
0,725;0,000
0,735;0,000
0,745;0,000
0,755;0,000
0,765;0,000
0,775;0,000
0,785;0,000
0,795;0,000
0,805;0,000
0,815;0,000
0,825;0,000
0,835;0,000
0,845;0,000
0,855;0,000
0,865;0,000
0,875;0,000
0,885;0,000
0,895;0,000
0,905;0,000
0,915;0,000
0,925;0,000
0,935;0,000
0,945;0,000
0,955;0,000
0,965;0,000
0,975;0,000
0,985;0,000
0,995;0,000
1,005;0,000
1,015;0,000
1,025;0,000
1,035;0,000
1,045;0,000
1,055;0,000
1,065;0,000
1,075;0,000
1,085;0,000
1,095;0,000
1,105;0,000
1,115;0,000
1,125;0,000
1,135;0,000
1,145;0,000
1,155;0,000
1,165;0,000
1,175;0,000
1,185;0,000
1,195;0,000
1,205;0,000
1,215;0,000
1,225;0,000
1,235;0,000
1,245;0,000
1,255;0,000
1,265;0,000
1,275;0,000
1,285;0,000
1,295;0,000
1,305;0,000
1,315;0,000
1,325;0,000
1,335;0,000
1,345;0,000
1,355;0,000
1,365;0,000
1,375;0,000
1,385;0,000
1,395;0,000
1,405;0,000
1,415;0,000
1,425;0,000
1,435;0,000
1,445;1,000
1,455;2,000
1,465;12,000
1,475;58,000
1,485;153,000
1,495;204,000
1,505;242,000
1,515;223,000
1,525;210,000
1,535;236,000
1,545;223,000
1,555;195,000
1,565;190,000
1,575;201,000
1,585;231,000
1,595;183,000
1,605;229,000
1,615;225,000
1,625;231,000
1,635;181,000
1,645;257,000
1,655;219,000
1,665;211,000
1,675;211,000
1,685;218,000
1,695;225,000
1,705;197,000
1,715;198,000
1,725;197,000
1,735;221,000
1,745;226,000
1,755;196,000
1,765;196,000
1,775;207,000
1,785;220,000
1,795;232,000
1,805;203,000
1,815;254,000
1,825;209,000
1,835;198,000
1,845;221,000
1,855;184,000
1,865;207,000
1,875;199,000
1,885;216,000
1,895;182,000
1,905;232,000
1,915;212,000
1,925;214,000
1,935;200,000
1,945;238,000
1,955;232,000
1,965;243,000
1,975;224,000
1,985;231,000
1,995;225,000
2,005;264,000
2,015;226,000
2,025;247,000
2,035;281,000
2,045;226,000
2,055;227,000
2,065;264,000
2,075;227,000
2,085;261,000
2,095;278,000
2,105;265,000
2,115;250,000
2,125;280,000
2,135;282,000
2,145;255,000
2,155;282,000
2,165;303,000
2,175;307,000
2,185;248,000
2,195;319,000
2,205;289,000
2,215;284,000
2,225;315,000
2,235;292,000
2,245;294,000
2,255;272,000
2,265;298,000
2,275;293,000
2,285;312,000
2,295;281,000
2,305;267,000
2,315;284,000
2,325;310,000
2,335;267,000
2,345;300,000
2,355;313,000
2,365;277,000
2,375;276,000
2,385;294,000
2,395;293,000
2,405;274,000
2,415;268,000
2,425;269,000
2,435;246,000
2,445;288,000
2,455;266,000
2,465;270,000
2,475;243,000
2,485;261,000
2,495;276,000
2,505;296,000
2,515;257,000
2,525;298,000
2,535;247,000
2,545;293,000
2,555;293,000
2,565;244,000
2,575;279,000
2,585;262,000
2,595;243,000
2,605;256,000
2,615;254,000
2,625;237,000
2,635;246,000
2,645;240,000
2,655;249,000
2,665;237,000
2,675;236,000
2,685;281,000
2,695;261,000
2,705;237,000
2,715;246,000
2,725;282,000
2,735;269,000
2,745;248,000
2,755;242,000
2,765;225,000
2,775;252,000
2,785;258,000
2,795;238,000
2,805;236,000
2,815;223,000
2,825;252,000
2,835;242,000
2,845;243,000
2,855;239,000
2,865;258,000
2,875;234,000
2,885;229,000
2,895;232,000
2,905;245,000
2,915;231,000
2,925;205,000
2,935;263,000
2,945;225,000
2,955;227,000
2,965;218,000
2,975;257,000
2,985;234,000
2,995;212,000
3,005;248,000
3,015;209,000
3,025;251,000
3,035;234,000
3,045;224,000
3,055;238,000
3,065;224,000
3,075;257,000
3,085;217,000
3,095;206,000
3,105;235,000
3,115;213,000
3,125;228,000
3,135;221,000
3,145;217,000
3,155;224,000
3,165;212,000
3,175;216,000
3,185;207,000
3,195;194,000
3,205;238,000
3,215;237,000
3,225;206,000
3,235;209,000
3,245;220,000
3,255;208,000
3,265;184,000
3,275;218,000
3,285;191,000
3,295;204,000
3,305;226,000
3,315;194,000
3,325;207,000
3,335;190,000
3,345;177,000
3,355;176,000
3,365;210,000
3,375;203,000
3,385;212,000
3,395;214,000
3,405;217,000
3,415;183,000
3,425;195,000
3,435;200,000
3,445;197,000
3,455;213,000
3,465;212,000
3,475;179,000
3,485;193,000
3,495;195,000
3,505;184,000
3,515;180,000
3,525;162,000
3,535;189,000
3,545;180,000
3,555;188,000
3,565;182,000
3,575;192,000
3,585;200,000
3,595;201,000
3,605;192,000
3,615;172,000
3,625;207,000
3,635;195,000
3,645;171,000
3,655;182,000
3,665;187,000
3,675;188,000
3,685;185,000
3,695;171,000
3,705;194,000
3,715;169,000
3,725;183,000
3,735;156,000
3,745;164,000
3,755;171,000
3,765;171,000
3,775;153,000
3,785;165,000
3,795;183,000
3,805;191,000
3,815;164,000
3,825;174,000
3,835;170,000
3,845;179,000
3,855;166,000
3,865;188,000
3,875;172,000
3,885;167,000
3,895;171,000
3,905;181,000
3,915;186,000
3,925;176,000
3,935;178,000
3,945;168,000
3,955;138,000
3,965;163,000
3,975;175,000
3,985;194,000
3,995;151,000
4,005;170,000
4,015;183,000
4,025;153,000
4,035;182,000
4,045;167,000
4,055;164,000
4,065;161,000
4,075;159,000
4,085;145,000
4,095;149,000
4,105;141,000
4,115;158,000
4,125;165,000
4,135;137,000
4,145;159,000
4,155;170,000
4,165;183,000
4,175;163,000
4,185;160,000
4,195;141,000
4,205;168,000
4,215;160,000
4,225;157,000
4,235;156,000
4,245;134,000
4,255;147,000
4,265;159,000
4,275;161,000
4,285;139,000
4,295;144,000
4,305;172,000
4,315;151,000
4,325;150,000
4,335;163,000
4,345;138,000
4,355;157,000
4,365;159,000
4,375;157,000
4,385;170,000
4,395;150,000
4,405;147,000
4,415;178,000
4,425;149,000
4,435;156,000
4,445;129,000
4,455;147,000
4,465;150,000
4,475;174,000
4,485;142,000
4,495;151,000
4,505;140,000
4,515;160,000
4,525;156,000
4,535;160,000
4,545;132,000
4,555;141,000
4,565;171,000
4,575;140,000
4,585;155,000
4,595;141,000
4,605;153,000
4,615;163,000
4,625;158,000
4,635;137,000
4,645;165,000
4,655;151,000
4,665;153,000
4,675;171,000
4,685;135,000
4,695;158,000
4,705;154,000
4,715;151,000
4,725;156,000
4,735;142,000
4,745;162,000
4,755;141,000
4,765;160,000
4,775;154,000
4,785;163,000
4,795;165,000
4,805;139,000
4,815;154,000
4,825;140,000
4,835;146,000
4,845;129,000
4,855;121,000
4,865;165,000
4,875;145,000
4,885;160,000
4,895;126,000
4,905;165,000
4,915;148,000
4,925;157,000
4,935;127,000
4,945;146,000
4,955;127,000
4,965;132,000
4,975;149,000
4,985;131,000
4,995;129,000
5,005;141,000
5,015;132,000
5,025;130,000
5,035;158,000
5,045;130,000
5,055;139,000
5,065;130,000
5,075;164,000
5,085;139,000
5,095;152,000
5,105;155,000
5,115;139,000
5,125;141,000
5,135;142,000
5,145;103,000
5,155;148,000
5,165;175,000
5,175;127,000
5,185;146,000
5,195;116,000
5,205;137,000
5,215;154,000
5,225;161,000
5,235;128,000
5,245;145,000
5,255;144,000
5,265;142,000
5,275;144,000
5,285;136,000
5,295;142,000
5,305;137,000
5,315;129,000
5,325;159,000
5,335;135,000
5,345;131,000
5,355;146,000
5,365;155,000
5,375;156,000
5,385;150,000
5,395;155,000
5,405;114,000
5,415;145,000
5,425;143,000
5,435;139,000
5,445;140,000
5,455;145,000
5,465;131,000
5,475;150,000
5,485;133,000
5,495;129,000
5,505;144,000
5,515;141,000
5,525;130,000
5,535;126,000
5,545;124,000
5,555;166,000
5,565;164,000
5,575;114,000
5,585;128,000
5,595;137,000
5,605;143,000
5,615;167,000
5,625;143,000
5,635;127,000
5,645;161,000
5,655;135,000
5,665;131,000
5,675;128,000
5,685;144,000
5,695;169,000
5,705;138,000
5,715;147,000
5,725;151,000
5,735;147,000
5,745;138,000
5,755;147,000
5,765;127,000
5,775;139,000
5,785;150,000
5,795;134,000
5,805;134,000
5,815;178,000
5,825;141,000
5,835;131,000
5,845;157,000
5,855;135,000
5,865;119,000
5,875;143,000
5,885;139,000
5,895;128,000
5,905;160,000
5,915;147,000
5,925;120,000
5,935;145,000
5,945;128,000
5,955;139,000
5,965;134,000
5,975;174,000
5,985;178,000
5,995;168,000
6,005;132,000
6,015;139,000
6,025;145,000
6,035;157,000
6,045;146,000
6,055;127,000
6,065;161,000
6,075;156,000
6,085;143,000
6,095;140,000
6,105;141,000
6,115;142,000
6,125;151,000
6,135;154,000
6,145;150,000
6,155;141,000
6,165;184,000
6,175;139,000
6,185;127,000
6,195;128,000
6,205;127,000
6,215;170,000
6,225;159,000
6,235;137,000
6,245;130,000
6,255;142,000
6,265;138,000
6,275;141,000
6,285;132,000
6,295;166,000
6,305;159,000
6,315;143,000
6,325;153,000
6,335;148,000
6,345;175,000
6,355;103,000
6,365;155,000
6,375;151,000
6,385;132,000
6,395;137,000
6,405;125,000
6,415;162,000
6,425;143,000
6,435;159,000
6,445;131,000
6,455;152,000
6,465;125,000
6,475;132,000
6,485;174,000
6,495;137,000
6,505;125,000
6,515;167,000
6,525;125,000
6,535;147,000
6,545;165,000
6,555;159,000
6,565;133,000
6,575;151,000
6,585;148,000
6,595;155,000
6,605;171,000
6,615;167,000
6,625;130,000
6,635;138,000
6,645;184,000
6,655;153,000
6,665;154,000
6,675;138,000
6,685;156,000
6,695;137,000
6,705;170,000
6,715;140,000
6,725;169,000
6,735;140,000
6,745;161,000
6,755;148,000
6,765;175,000
6,775;144,000
6,785;137,000
6,795;119,000
6,805;153,000
6,815;142,000
6,825;156,000
6,835;158,000
6,845;156,000
6,855;168,000
6,865;156,000
6,875;155,000
6,885;166,000
6,895;159,000
6,905;145,000
6,915;162,000
6,925;167,000
6,935;150,000
6,945;163,000
6,955;152,000
6,965;155,000
6,975;141,000
6,985;168,000
6,995;161,000
7,005;143,000
7,015;143,000
7,025;165,000
7,035;148,000
7,045;171,000
7,055;129,000
7,065;153,000
7,075;171,000
7,085;130,000
7,095;170,000
7,105;148,000
7,115;142,000
7,125;155,000
7,135;190,000
7,145;172,000
7,155;166,000
7,165;169,000
7,175;148,000
7,185;181,000
7,195;152,000
7,205;172,000
7,215;151,000
7,225;169,000
7,235;164,000
7,245;186,000
7,255;170,000
7,265;161,000
7,275;163,000
7,285;148,000
7,295;157,000
7,305;157,000
7,315;168,000
7,325;138,000
7,335;182,000
7,345;177,000
7,355;161,000
7,365;162,000
7,375;154,000
7,385;193,000
7,395;183,000
7,405;174,000
7,415;191,000
7,425;166,000
7,435;180,000
7,445;166,000
7,455;175,000
7,465;180,000
7,475;188,000
7,485;178,000
7,495;187,000
7,505;188,000
7,515;179,000
7,525;172,000
7,535;177,000
7,545;167,000
7,555;172,000
7,565;182,000
7,575;177,000
7,585;165,000
7,595;164,000
7,605;173,000
7,615;169,000
7,625;178,000
7,635;184,000
7,645;186,000
7,655;180,000
7,665;180,000
7,675;167,000
7,685;226,000
7,695;165,000
7,705;174,000
7,715;179,000
7,725;180,000
7,735;161,000
7,745;191,000
7,755;177,000
7,765;189,000
7,775;172,000
7,785;183,000
7,795;201,000
7,805;179,000
7,815;167,000
7,825;174,000
7,835;187,000
7,845;171,000
7,855;168,000
7,865;169,000
7,875;169,000
7,885;180,000
7,895;172,000
7,905;167,000
7,915;198,000
7,925;171,000
7,935;181,000
7,945;208,000
7,955;185,000
7,965;172,000
7,975;185,000
7,985;162,000
7,995;203,000
8,005;176,000
8,015;152,000
8,025;182,000
8,035;176,000
8,045;192,000
8,055;171,000
8,065;172,000
8,075;183,000
8,085;181,000
8,095;184,000
8,105;178,000
8,115;163,000
8,125;187,000
8,135;177,000
8,145;175,000
8,155;147,000
8,165;214,000
8,175;193,000
8,185;179,000
8,195;173,000
8,205;171,000
8,215;182,000
8,225;178,000
8,235;156,000
8,245;159,000
8,255;174,000
8,265;135,000
8,275;166,000
8,285;170,000
8,295;168,000
8,305;188,000
8,315;173,000
8,325;158,000
8,335;179,000
8,345;162,000
8,355;160,000
8,365;168,000
8,375;184,000
8,385;170,000
8,395;176,000
8,405;147,000
8,415;164,000
8,425;165,000
8,435;169,000
8,445;153,000
8,455;150,000
8,465;170,000
8,475;154,000
8,485;137,000
8,495;152,000
8,505;143,000
8,515;142,000
8,525;168,000
8,535;151,000
8,545;131,000
8,555;141,000
8,565;167,000
8,575;140,000
8,585;155,000
8,595;146,000
8,605;124,000
8,615;131,000
8,625;138,000
8,635;141,000
8,645;152,000
8,655;114,000
8,665;130,000
8,675;132,000
8,685;145,000
8,695;148,000
8,705;151,000
8,715;111,000
8,725;124,000
8,735;134,000
8,745;118,000
8,755;120,000
8,765;118,000
8,775;124,000
8,785;136,000
8,795;122,000
8,805;125,000
8,815;140,000
8,825;116,000
8,835;102,000
8,845;118,000
8,855;112,000
8,865;135,000
8,875;123,000
8,885;105,000
8,895;119,000
8,905;123,000
8,915;117,000
8,925;154,000
8,935;126,000
8,945;115,000
8,955;105,000
8,965;111,000
8,975;109,000
8,985;123,000
8,995;117,000
9,005;116,000
9,015;104,000
9,025;125,000
9,035;136,000
9,045;125,000
9,055;109,000
9,065;117,000
9,075;107,000
9,085;149,000
9,095;112,000
9,105;98,000
9,115;102,000
9,125;119,000
9,135;99,000
9,145;128,000
9,155;106,000
9,165;101,000
9,175;115,000
9,185;122,000
9,195;110,000
9,205;102,000
9,215;122,000
9,225;110,000
9,235;121,000
9,245;108,000
9,255;121,000
9,265;117,000
9,275;96,000
9,285;126,000
9,295;128,000
9,305;120,000
9,315;112,000
9,325;125,000
9,335;94,000
9,345;124,000
9,355;105,000
9,365;106,000
9,375;114,000
9,385;116,000
9,395;109,000
9,405;129,000
9,415;112,000
9,425;128,000
9,435;123,000
9,445;106,000
9,455;124,000
9,465;127,000
9,475;128,000
9,485;101,000
9,495;132,000
9,505;115,000
9,515;109,000
9,525;116,000
9,535;121,000
9,545;129,000
9,555;130,000
9,565;113,000
9,575;125,000
9,585;116,000
9,595;151,000
9,605;155,000
9,615;120,000
9,625;147,000
9,635;150,000
9,645;151,000
9,655;129,000
9,665;143,000
9,675;163,000
9,685;144,000
9,695;152,000
9,705;146,000
9,715;159,000
9,725;163,000
9,735;173,000
9,745;184,000
9,755;198,000
9,765;203,000
9,775;197,000
9,785;206,000
9,795;205,000
9,805;235,000
9,815;225,000
9,825;236,000
9,835;257,000
9,845;219,000
9,855;274,000
9,865;305,000
9,875;313,000
9,885;341,000
9,895;313,000
9,905;311,000
9,915;290,000
9,925;354,000
9,935;374,000
9,945;368,000
9,955;359,000
9,965;383,000
9,975;455,000
9,985;453,000
9,995;386,000
10,005;420,000
10,015;486,000
10,025;497,000
10,035;461,000
10,045;498,000
10,055;468,000
10,065;522,000
10,075;522,000
10,085;526,000
10,095;550,000
10,105;523,000
10,115;544,000
10,125;531,000
10,135;568,000
10,145;593,000
10,155;608,000
10,165;620,000
10,175;521,000
10,185;601,000
10,195;609,000
10,205;592,000
10,215;601,000
10,225;566,000
10,235;594,000
10,245;555,000
10,255;608,000
10,265;609,000
10,275;555,000
10,285;541,000
10,295;576,000
10,305;583,000
10,315;546,000
10,325;594,000
10,335;556,000
10,345;456,000
10,355;530,000
10,365;529,000
10,375;498,000
10,385;468,000
10,395;458,000
10,405;447,000
10,415;465,000
10,425;403,000
10,435;398,000
10,445;450,000
10,455;374,000
10,465;362,000
10,475;355,000
10,485;354,000
10,495;324,000
10,505;368,000
10,515;330,000
10,525;321,000
10,535;309,000
10,545;293,000
10,555;278,000
10,565;276,000
10,575;270,000
10,585;263,000
10,595;276,000
10,605;224,000
10,615;208,000
10,625;180,000
10,635;209,000
10,645;186,000
10,655;193,000
10,665;189,000
10,675;170,000
10,685;147,000
10,695;172,000
10,705;151,000
10,715;164,000
10,725;99,000
10,735;142,000
10,745;111,000
10,755;142,000
10,765;125,000
10,775;130,000
10,785;121,000
10,795;141,000
10,805;96,000
10,815;96,000
10,825;105,000
10,835;105,000
10,845;93,000
10,855;109,000
10,865;109,000
10,875;106,000
10,885;111,000
10,895;115,000
10,905;106,000
10,915;88,000
10,925;113,000
10,935;121,000
10,945;124,000
10,955;133,000
10,965;154,000
10,975;135,000
10,985;149,000
10,995;142,000
11,005;133,000
11,015;142,000
11,025;160,000
11,035;162,000
11,045;170,000
11,055;206,000
11,065;185,000
11,075;175,000
11,085;204,000
11,095;221,000
11,105;192,000
11,115;227,000
11,125;231,000
11,135;252,000
11,145;257,000
11,155;292,000
11,165;260,000
11,175;307,000
11,185;302,000
11,195;317,000
11,205;312,000
11,215;309,000
11,225;303,000
11,235;404,000
11,245;327,000
11,255;369,000
11,265;367,000
11,275;403,000
11,285;364,000
11,295;441,000
11,305;392,000
11,315;405,000
11,325;464,000
11,335;452,000
11,345;475,000
11,355;457,000
11,365;420,000
11,375;422,000
11,385;469,000
11,395;467,000
11,405;487,000
11,415;481,000
11,425;450,000
11,435;513,000
11,445;513,000
11,455;460,000
11,465;487,000
11,475;462,000
11,485;478,000
11,495;491,000
11,505;487,000
11,515;524,000
11,525;472,000
11,535;436,000
11,545;479,000
11,555;482,000
11,565;426,000
11,575;448,000
11,585;455,000
11,595;407,000
11,605;445,000
11,615;449,000
11,625;433,000
11,635;372,000
11,645;405,000
11,655;374,000
11,665;353,000
11,675;338,000
11,685;370,000
11,695;329,000
11,705;333,000
11,715;296,000
11,725;302,000
11,735;324,000
11,745;295,000
11,755;274,000
11,765;300,000
11,775;263,000
11,785;276,000
11,795;262,000
11,805;229,000
11,815;232,000
11,825;209,000
11,835;206,000
11,845;213,000
11,855;178,000
11,865;207,000
11,875;168,000
11,885;187,000
11,895;177,000
11,905;163,000
11,915;143,000
11,925;142,000
11,935;137,000
11,945;124,000
11,955;152,000
11,965;132,000
11,975;116,000
11,985;118,000
11,995;95,000
12,005;79,000
12,015;79,000
12,025;92,000
12,035;83,000
12,045;64,000
12,055;71,000
12,065;71,000
12,075;81,000
12,085;66,000
12,095;60,000
12,105;44,000
12,115;45,000
12,125;50,000
12,135;60,000
12,145;48,000
12,155;59,000
12,165;41,000
12,175;40,000
12,185;34,000
12,195;37,000
12,205;34,000
12,215;30,000
12,225;32,000
12,235;40,000
12,245;18,000
12,255;28,000
12,265;22,000
12,275;30,000
12,285;28,000
12,295;24,000
12,305;18,000
12,315;28,000
12,325;16,000
12,335;12,000
12,345;29,000
12,355;23,000
12,365;13,000
12,375;21,000
12,385;17,000
12,395;19,000
12,405;15,000
12,415;17,000
12,425;20,000
12,435;17,000
12,445;16,000
12,455;17,000
12,465;19,000
12,475;12,000
12,485;16,000
12,495;10,000
12,505;9,000
12,515;11,000
12,525;16,000
12,535;12,000
12,545;10,000
12,555;9,000
12,565;12,000
12,575;4,000
12,585;7,000
12,595;11,000
12,605;12,000
12,615;7,000
12,625;9,000
12,635;15,000
12,645;4,000
12,655;5,000
12,665;8,000
12,675;11,000
12,685;11,000
12,695;12,000
12,705;7,000
12,715;10,000
12,725;10,000
12,735;10,000
12,745;4,000
12,755;9,000
12,765;6,000
12,775;9,000
12,785;5,000
12,795;4,000
12,805;12,000
12,815;8,000
12,825;1,000
12,835;12,000
12,845;11,000
12,855;8,000
12,865;7,000
12,875;7,000
12,885;6,000
12,895;8,000
12,905;6,000
12,915;3,000
12,925;12,000
12,935;8,000
12,945;11,000
12,955;8,000
12,965;5,000
12,975;6,000
12,985;7,000
12,995;5,000
13,005;5,000
13,015;11,000
13,025;7,000
13,035;11,000
13,045;3,000
13,055;8,000
13,065;9,000
13,075;3,000
13,085;8,000
13,095;6,000
13,105;2,000
13,115;7,000
13,125;6,000
13,135;4,000
13,145;9,000
13,155;11,000
13,165;7,000
13,175;5,000
13,185;11,000
13,195;7,000
13,205;7,000
13,215;9,000
13,225;5,000
13,235;8,000
13,245;7,000
13,255;9,000
13,265;9,000
13,275;6,000
13,285;7,000
13,295;4,000
13,305;4,000
13,315;1,000
13,325;6,000
13,335;10,000
13,345;11,000
13,355;9,000
13,365;10,000
13,375;8,000
13,385;5,000
13,395;13,000
13,405;8,000
13,415;6,000
13,425;8,000
13,435;2,000
13,445;5,000
13,455;4,000
13,465;5,000
13,475;6,000
13,485;8,000
13,495;5,000
13,505;8,000
13,515;3,000
13,525;8,000
13,535;10,000
13,545;6,000
13,555;4,000
13,565;2,000
13,575;4,000
13,585;6,000
13,595;2,000
13,605;4,000
13,615;4,000
13,625;3,000
13,635;12,000
13,645;4,000
13,655;4,000
13,665;5,000
13,675;13,000
13,685;4,000
13,695;5,000
13,705;3,000
13,715;7,000
13,725;9,000
13,735;5,000
13,745;2,000
13,755;10,000
13,765;7,000
13,775;8,000
13,785;4,000
13,795;7,000
13,805;10,000
13,815;5,000
13,825;6,000
13,835;5,000
13,845;9,000
13,855;6,000
13,865;4,000
13,875;6,000
13,885;7,000
13,895;4,000
13,905;9,000
13,915;9,000
13,925;10,000
13,935;11,000
13,945;8,000
13,955;2,000
13,965;8,000
13,975;6,000
13,985;5,000
13,995;5,000
14,005;10,000
14,015;4,000
14,025;6,000
14,035;3,000
14,045;7,000
14,055;4,000
14,065;10,000
14,075;6,000
14,085;2,000
14,095;4,000
14,105;3,000
14,115;7,000
14,125;7,000
14,135;8,000
14,145;10,000
14,155;5,000
14,165;8,000
14,175;3,000
14,185;7,000
14,195;2,000
14,205;8,000
14,215;8,000
14,225;8,000
14,235;12,000
14,245;4,000
14,255;6,000
14,265;9,000
14,275;9,000
14,285;5,000
14,295;11,000
14,305;7,000
14,315;5,000
14,325;7,000
14,335;8,000
14,345;8,000
14,355;8,000
14,365;9,000
14,375;5,000
14,385;6,000
14,395;9,000
14,405;11,000
14,415;5,000
14,425;9,000
14,435;10,000
14,445;5,000
14,455;5,000
14,465;2,000
14,475;7,000
14,485;11,000
14,495;7,000
14,505;6,000
14,515;4,000
14,525;5,000
14,535;15,000
14,545;4,000
14,555;8,000
14,565;5,000
14,575;5,000
14,585;4,000
14,595;7,000
14,605;5,000
14,615;7,000
14,625;4,000
14,635;5,000
14,645;4,000
14,655;6,000
14,665;8,000
14,675;5,000
14,685;6,000
14,695;11,000
14,705;6,000
14,715;10,000
14,725;4,000
14,735;7,000
14,745;8,000
14,755;5,000
14,765;8,000
14,775;6,000
14,785;3,000
14,795;7,000
14,805;4,000
14,815;6,000
14,825;7,000
14,835;7,000
14,845;4,000
14,855;5,000
14,865;6,000
14,875;6,000
14,885;4,000
14,895;3,000
14,905;11,000
14,915;9,000
14,925;4,000
14,935;2,000
14,945;4,000
14,955;5,000
14,965;6,000
14,975;3,000
14,985;5,000
14,995;10,000
15,005;5,000
15,015;6,000
15,025;6,000
15,035;8,000
15,045;5,000
15,055;8,000
15,065;5,000
15,075;9,000
15,085;4,000
15,095;1,000
15,105;4,000
15,115;6,000
15,125;6,000
15,135;5,000
15,145;8,000
15,155;5,000
15,165;4,000
15,175;7,000
15,185;8,000
15,195;6,000
15,205;8,000
15,215;6,000
15,225;8,000
15,235;7,000
15,245;7,000
15,255;9,000
15,265;9,000
15,275;3,000
15,285;5,000
15,295;9,000
15,305;5,000
15,315;8,000
15,325;10,000
15,335;15,000
15,345;11,000
15,355;13,000
15,365;10,000
15,375;13,000
15,385;13,000
15,395;14,000
15,405;21,000
15,415;18,000
15,425;15,000
15,435;17,000
15,445;17,000
15,455;12,000
15,465;14,000
15,475;19,000
15,485;11,000
15,495;17,000
15,505;11,000
15,515;13,000
15,525;12,000
15,535;14,000
15,545;18,000
15,555;19,000
15,565;14,000
15,575;15,000
15,585;9,000
15,595;13,000
15,605;15,000
15,615;18,000
15,625;9,000
15,635;14,000
15,645;15,000
15,655;15,000
15,665;15,000
15,675;21,000
15,685;17,000
15,695;13,000
15,705;18,000
15,715;13,000
15,725;19,000
15,735;16,000
15,745;14,000
15,755;12,000
15,765;20,000
15,775;17,000
15,785;22,000
15,795;14,000
15,805;14,000
15,815;15,000
15,825;20,000
15,835;11,000
15,845;11,000
15,855;16,000
15,865;18,000
15,875;17,000
15,885;10,000
15,895;20,000
15,905;13,000
15,915;14,000
15,925;15,000
15,935;18,000
15,945;13,000
15,955;11,000
15,965;10,000
15,975;8,000
15,985;12,000
15,995;9,000
16,005;6,000
16,015;7,000
16,025;8,000
16,035;15,000
16,045;8,000
16,055;9,000
16,065;11,000
16,075;13,000
16,085;9,000
16,095;10,000
16,105;5,000
16,115;9,000
16,125;7,000
16,135;10,000
16,145;7,000
16,155;8,000
16,165;16,000
16,175;15,000
16,185;9,000
16,195;9,000
16,205;14,000
16,215;9,000
16,225;8,000
16,235;10,000
16,245;7,000
16,255;4,000
16,265;5,000
16,275;7,000
16,285;6,000
16,295;8,000
16,305;5,000
16,315;7,000
16,325;4,000
16,335;6,000
16,345;4,000
16,355;3,000
16,365;5,000
16,375;5,000
16,385;3,000
16,395;5,000
16,405;2,000
16,415;8,000
16,425;2,000
16,435;4,000
16,445;6,000
16,455;3,000
16,465;4,000
16,475;3,000
16,485;5,000
16,495;4,000
16,505;4,000
16,515;2,000
16,525;5,000
16,535;3,000
16,545;4,000
16,555;3,000
16,565;3,000
16,575;4,000
16,585;3,000
16,595;7,000
16,605;5,000
16,615;4,000
16,625;9,000
16,635;8,000
16,645;8,000
16,655;9,000
16,665;8,000
16,675;9,000
16,685;12,000
16,695;6,000
16,705;12,000
16,715;11,000
16,725;16,000
16,735;19,000
16,745;14,000
16,755;21,000
16,765;18,000
16,775;16,000
16,785;14,000
16,795;18,000
16,805;16,000
16,815;14,000
16,825;23,000
16,835;10,000
16,845;12,000
16,855;20,000
16,865;12,000
16,875;9,000
16,885;13,000
16,895;20,000
16,905;18,000
16,915;14,000
16,925;29,000
16,935;15,000
16,945;21,000
16,955;13,000
16,965;14,000
16,975;19,000
16,985;17,000
16,995;10,000
17,005;10,000
17,015;14,000
17,025;9,000
17,035;13,000
17,045;10,000
17,055;9,000
17,065;12,000
17,075;13,000
17,085;7,000
17,095;8,000
17,105;4,000
17,115;6,000
17,125;6,000
17,135;4,000
17,145;4,000
17,155;2,000
17,165;5,000
17,175;0,000
17,185;4,000
17,195;3,000
17,205;1,000
17,215;3,000
17,225;2,000
17,235;0,000
17,245;0,000
17,255;1,000
17,265;1,000
17,275;0,000
17,285;2,000
17,295;0,000
17,305;0,000
17,315;2,000
17,325;1,000
17,335;0,000
17,345;1,000
17,355;3,000
17,365;0,000
17,375;0,000
17,385;0,000
17,395;0,000
17,405;0,000
17,415;1,000
17,425;0,000
17,435;0,000
17,445;0,000
17,455;1,000
17,465;0,000
17,475;0,000
17,485;0,000
17,495;0,000
17,505;0,000
17,515;0,000
17,525;0,000
17,535;0,000
17,545;0,000
17,555;0,000
17,565;0,000
17,575;1,000
17,585;0,000
17,595;1,000
17,605;0,000
17,615;0,000
17,625;0,000
17,635;0,000
17,645;0,000
17,655;0,000
17,665;1,000
17,675;0,000
17,685;0,000
17,695;0,000
17,705;0,000
17,715;0,000
17,725;0,000
17,735;0,000
17,745;0,000
17,755;0,000
17,765;0,000
17,775;0,000
17,785;0,000
17,795;0,000
17,805;0,000
17,815;0,000
17,825;0,000
17,835;0,000
17,845;0,000
17,855;0,000
17,865;0,000
17,875;0,000
17,885;0,000
17,895;0,000
17,905;0,000
17,915;0,000
17,925;0,000
17,935;0,000
17,945;0,000
17,955;0,000
17,965;1,000
17,975;0,000
17,985;0,000
17,995;0,000
18,005;0,000
18,015;0,000
18,025;0,000
18,035;0,000
18,045;0,000
18,055;0,000
18,065;0,000
18,075;1,000
18,085;0,000
18,095;0,000
18,105;1,000
18,115;0,000
18,125;0,000
18,135;0,000
18,145;0,000
18,155;0,000
18,165;0,000
18,175;0,000
18,185;0,000
18,195;0,000
18,205;0,000
18,215;0,000
18,225;0,000
18,235;0,000
18,245;0,000
18,255;0,000
18,265;1,000
18,275;1,000
18,285;0,000
18,295;0,000
18,305;0,000
18,315;0,000
18,325;0,000
18,335;0,000
18,345;0,000
18,355;0,000
18,365;0,000
18,375;0,000
18,385;0,000
18,395;0,000
18,405;0,000
18,415;0,000
18,425;0,000
18,435;0,000
18,445;0,000
18,455;1,000
18,465;0,000
18,475;0,000
18,485;0,000
18,495;0,000
18,505;0,000
18,515;0,000
18,525;0,000
18,535;0,000
18,545;0,000
18,555;0,000
18,565;0,000
18,575;0,000
18,585;0,000
18,595;0,000
18,605;0,000
18,615;0,000
18,625;0,000
18,635;0,000
18,645;1,000
18,655;0,000
18,665;0,000
18,675;1,000
18,685;0,000
18,695;0,000
18,705;0,000
18,715;0,000
18,725;0,000
18,735;0,000
18,745;0,000
18,755;0,000
18,765;0,000
18,775;0,000
18,785;0,000
18,795;0,000
18,805;0,000
18,815;0,000
18,825;0,000
18,835;0,000
18,845;1,000
18,855;0,000
18,865;0,000
18,875;0,000
18,885;0,000
18,895;0,000
18,905;0,000
18,915;1,000
18,925;0,000
18,935;0,000
18,945;0,000
18,955;0,000
18,965;0,000
18,975;0,000
18,985;0,000
18,995;0,000
19,005;0,000
19,015;0,000
19,025;0,000
19,035;0,000
19,045;0,000
19,055;0,000
19,065;0,000
19,075;0,000
19,085;0,000
19,095;0,000
19,105;0,000
19,115;0,000
19,125;0,000
19,135;0,000
19,145;0,000
19,155;0,000
19,165;0,000
19,175;1,000
19,185;0,000
19,195;0,000
19,205;0,000
19,215;0,000
19,225;0,000
19,235;0,000
19,245;0,000
19,255;0,000
19,265;0,000
19,275;0,000
19,285;0,000
19,295;0,000
19,305;1,000
19,315;0,000
19,325;0,000
19,335;0,000
19,345;0,000
19,355;0,000
19,365;0,000
19,375;0,000
19,385;0,000
19,395;0,000
19,405;1,000
19,415;0,000
19,425;1,000
19,435;0,000
19,445;0,000
19,455;0,000
19,465;0,000
19,475;0,000
19,485;0,000
19,495;0,000
19,505;0,000
19,515;0,000
19,525;0,000
19,535;0,000
19,545;0,000
19,555;0,000
19,565;0,000
19,575;0,000
19,585;0,000
19,595;0,000
19,605;0,000
19,615;0,000
19,625;0,000
19,635;0,000
19,645;0,000
19,655;0,000
19,665;0,000
19,675;0,000
19,685;0,000
19,695;0,000
19,705;0,000
19,715;0,000
19,725;0,000
19,735;0,000
19,745;0,000
19,755;0,000
19,765;0,000
19,775;0,000
19,785;0,000
19,795;0,000
19,805;0,000
19,815;0,000
19,825;0,000
19,835;0,000
19,845;0,000
19,855;0,000
19,865;0,000
19,875;0,000
19,885;0,000
19,895;0,000
19,905;0,000
19,915;0,000
19,925;69,000
19,935;0,000
19,945;0,000
19,955;0,000
19,965;0,000
19,975;0,000
19,985;0,000
19,995;16,000
