0,005;0,000
0,015;0,000
0,025;0,000
0,035;0,000
0,045;0,000
0,055;0,000
0,065;0,000
0,075;0,000
0,085;0,000
0,095;0,000
0,105;0,000
0,115;0,000
0,125;0,000
0,135;0,000
0,145;0,000
0,155;0,000
0,165;0,000
0,175;0,000
0,185;0,000
0,195;0,000
0,205;0,000
0,215;0,000
0,225;0,000
0,235;0,000
0,245;0,000
0,255;0,000
0,265;0,000
0,275;0,000
0,285;0,000
0,295;0,000
0,305;0,000
0,315;0,000
0,325;0,000
0,335;0,000
0,345;0,000
0,355;0,000
0,365;0,000
0,375;0,000
0,385;0,000
0,395;0,000
0,405;0,000
0,415;0,000
0,425;0,000
0,435;0,000
0,445;0,000
0,455;0,000
0,465;0,000
0,475;0,000
0,485;0,000
0,495;0,000
0,505;0,000
0,515;0,000
0,525;0,000
0,535;0,000
0,545;0,000
0,555;0,000
0,565;0,000
0,575;0,000
0,585;0,000
0,595;0,000
0,605;0,000
0,615;0,000
0,625;0,000
0,635;0,000
0,645;0,000
0,655;0,000
0,665;0,000
0,675;0,000
0,685;0,000
0,695;0,000
0,705;0,000
0,715;0,000
0,725;0,000
0,735;0,000
0,745;0,000
0,755;0,000
0,765;0,000
0,775;0,000
0,785;0,000
0,795;0,000
0,805;0,000
0,815;0,000
0,825;0,000
0,835;0,000
0,845;0,000
0,855;0,000
0,865;0,000
0,875;0,000
0,885;0,000
0,895;0,000
0,905;0,000
0,915;0,000
0,925;0,000
0,935;0,000
0,945;0,000
0,955;0,000
0,965;0,000
0,975;0,000
0,985;0,000
0,995;0,000
1,005;0,000
1,015;0,000
1,025;0,000
1,035;0,000
1,045;0,000
1,055;0,000
1,065;0,000
1,075;0,000
1,085;0,000
1,095;0,000
1,105;0,000
1,115;0,000
1,125;0,000
1,135;0,000
1,145;0,000
1,155;0,000
1,165;0,000
1,175;0,000
1,185;0,000
1,195;0,000
1,205;0,000
1,215;0,000
1,225;0,000
1,235;0,000
1,245;0,000
1,255;0,000
1,265;0,000
1,275;0,000
1,285;0,000
1,295;0,000
1,305;0,000
1,315;0,000
1,325;0,000
1,335;0,000
1,345;1,000
1,355;0,000
1,365;0,000
1,375;0,000
1,385;0,000
1,395;0,000
1,405;1,000
1,415;0,000
1,425;1,000
1,435;0,000
1,445;0,000
1,455;0,000
1,465;3,000
1,475;27,000
1,485;100,000
1,495;214,000
1,505;274,000
1,515;314,000
1,525;337,000
1,535;304,000
1,545;316,000
1,555;331,000
1,565;351,000
1,575;322,000
1,585;308,000
1,595;364,000
1,605;330,000
1,615;348,000
1,625;344,000
1,635;334,000
1,645;336,000
1,655;325,000
1,665;346,000
1,675;366,000
1,685;360,000
1,695;390,000
1,705;362,000
1,715;360,000
1,725;366,000
1,735;375,000
1,745;368,000
1,755;360,000
1,765;356,000
1,775;399,000
1,785;435,000
1,795;395,000
1,805;394,000
1,815;427,000
1,825;418,000
1,835;464,000
1,845;457,000
1,855;395,000
1,865;439,000
1,875;473,000
1,885;460,000
1,895;476,000
1,905;464,000
1,915;476,000
1,925;479,000
1,935;474,000
1,945;513,000
1,955;450,000
1,965;512,000
1,975;427,000
1,985;524,000
1,995;520,000
2,005;477,000
2,015;490,000
2,025;517,000
2,035;468,000
2,045;494,000
2,055;483,000
2,065;477,000
2,075;487,000
2,085;514,000
2,095;471,000
2,105;476,000
2,115;469,000
2,125;483,000
2,135;515,000
2,145;514,000
2,155;522,000
2,165;518,000
2,175;509,000
2,185;483,000
2,195;535,000
2,205;524,000
2,215;492,000
2,225;459,000
2,235;463,000
2,245;480,000
2,255;448,000
2,265;493,000
2,275;488,000
2,285;458,000
2,295;485,000
2,305;457,000
2,315;433,000
2,325;455,000
2,335;479,000
2,345;452,000
2,355;468,000
2,365;422,000
2,375;472,000
2,385;460,000
2,395;517,000
2,405;473,000
2,415;451,000
2,425;450,000
2,435;459,000
2,445;435,000
2,455;394,000
2,465;405,000
2,475;433,000
2,485;449,000
2,495;452,000
2,505;455,000
2,515;441,000
2,525;472,000
2,535;455,000
2,545;450,000
2,555;432,000
2,565;471,000
2,575;434,000
2,585;490,000
2,595;455,000
2,605;437,000
2,615;405,000
2,625;423,000
2,635;431,000
2,645;422,000
2,655;439,000
2,665;429,000
2,675;389,000
2,685;439,000
2,695;408,000
2,705;434,000
2,715;452,000
2,725;427,000
2,735;392,000
2,745;422,000
2,755;408,000
2,765;364,000
2,775;393,000
2,785;383,000
2,795;387,000
2,805;429,000
2,815;384,000
2,825;398,000
2,835;396,000
2,845;412,000
2,855;384,000
2,865;395,000
2,875;361,000
2,885;390,000
2,895;404,000
2,905;382,000
2,915;401,000
2,925;392,000
2,935;356,000
2,945;412,000
2,955;401,000
2,965;382,000
2,975;380,000
2,985;400,000
2,995;420,000
3,005;380,000
3,015;409,000
3,025;421,000
3,035;341,000
3,045;372,000
3,055;398,000
3,065;401,000
3,075;403,000
3,085;359,000
3,095;382,000
3,105;390,000
3,115;366,000
3,125;363,000
3,135;364,000
3,145;372,000
3,155;370,000
3,165;411,000
3,175;314,000
3,185;415,000
3,195;405,000
3,205;340,000
3,215;359,000
3,225;322,000
3,235;362,000
3,245;323,000
3,255;341,000
3,265;306,000
3,275;341,000
3,285;322,000
3,295;297,000
3,305;296,000
3,315;316,000
3,325;312,000
3,335;295,000
3,345;275,000
3,355;281,000
3,365;285,000
3,375;298,000
3,385;281,000
3,395;248,000
3,405;287,000
3,415;244,000
3,425;225,000
3,435;230,000
3,445;271,000
3,455;230,000
3,465;236,000
3,475;220,000
3,485;219,000
3,495;191,000
3,505;220,000
3,515;182,000
3,525;212,000
3,535;191,000
3,545;201,000
3,555;219,000
3,565;184,000
3,575;208,000
3,585;188,000
3,595;189,000
3,605;193,000
3,615;187,000
3,625;168,000
3,635;160,000
3,645;171,000
3,655;158,000
3,665;172,000
3,675;172,000
3,685;164,000
3,695;176,000
3,705;176,000
3,715;162,000
3,725;158,000
3,735;134,000
3,745;159,000
3,755;153,000
3,765;142,000
3,775;144,000
3,785;160,000
3,795;153,000
3,805;155,000
3,815;139,000
3,825;154,000
3,835;132,000
3,845;137,000
3,855;115,000
3,865;144,000
3,875;129,000
3,885;135,000
3,895;113,000
3,905;127,000
3,915;114,000
3,925;123,000
3,935;144,000
3,945;146,000
3,955;130,000
3,965;165,000
3,975;118,000
3,985;123,000
3,995;127,000
4,005;157,000
4,015;124,000
4,025;136,000
4,035;161,000
4,045;131,000
4,055;129,000
4,065;134,000
4,075;119,000
4,085;109,000
4,095;130,000
4,105;120,000
4,115;115,000
4,125;116,000
4,135;124,000
4,145;126,000
4,155;136,000
4,165;124,000
4,175;158,000
4,185;137,000
4,195;143,000
4,205;131,000
4,215;137,000
4,225;124,000
4,235;117,000
4,245;124,000
4,255;113,000
4,265;134,000
4,275;118,000
4,285;127,000
4,295;135,000
4,305;130,000
4,315;141,000
4,325;135,000
4,335;130,000
4,345;154,000
4,355;148,000
4,365;147,000
4,375;164,000
4,385;162,000
4,395;133,000
4,405;153,000
4,415;130,000
4,425;166,000
4,435;155,000
4,445;191,000
4,455;172,000
4,465;168,000
4,475;147,000
4,485;181,000
4,495;186,000
4,505;219,000
4,515;186,000
4,525;228,000
4,535;226,000
4,545;270,000
4,555;260,000
4,565;285,000
4,575;300,000
4,585;329,000
4,595;324,000
4,605;358,000
4,615;422,000
4,625;461,000
4,635;490,000
4,645;533,000
4,655;545,000
4,665;555,000
4,675;661,000
4,685;684,000
4,695;742,000
4,705;829,000
4,715;899,000
4,725;919,000
4,735;961,000
4,745;1086,000
4,755;1207,000
4,765;1126,000
4,775;1374,000
4,785;1499,000
4,795;1534,000
4,805;1486,000
4,815;1675,000
4,825;1822,000
4,835;1836,000
4,845;1912,000
4,855;1977,000
4,865;2067,000
4,875;2137,000
4,885;2249,000
4,895;2371,000
4,905;2476,000
4,915;2503,000
4,925;2596,000
4,935;2691,000
4,945;2704,000
4,955;2763,000
4,965;2878,000
4,975;2584,000
4,985;2944,000
4,995;2997,000
5,005;2910,000
5,015;2891,000
5,025;2813,000
5,035;2890,000
5,045;2786,000
5,055;2923,000
5,065;2764,000
5,075;2743,000
5,085;2565,000
5,095;2638,000
5,105;2491,000
5,115;2419,000
5,125;2299,000
5,135;2355,000
5,145;2203,000
5,155;2049,000
5,165;2046,000
5,175;1969,000
5,185;1835,000
5,195;1611,000
5,205;1643,000
5,215;1551,000
5,225;1360,000
5,235;1323,000
5,245;1260,000
5,255;1109,000
5,265;1041,000
5,275;960,000
5,285;902,000
5,295;822,000
5,305;775,000
5,315;725,000
5,325;624,000
5,335;617,000
5,345;543,000
5,355;535,000
5,365;461,000
5,375;438,000
5,385;379,000
5,395;351,000
5,405;320,000
5,415;271,000
5,425;276,000
5,435;247,000
5,445;232,000
5,455;184,000
5,465;183,000
5,475;185,000
5,485;190,000
5,495;168,000
5,505;165,000
5,515;125,000
5,525;140,000
5,535;105,000
5,545;105,000
5,555;107,000
5,565;114,000
5,575;103,000
5,585;111,000
5,595;114,000
5,605;109,000
5,615;86,000
5,625;113,000
5,635;109,000
5,645;74,000
5,655;92,000
5,665;98,000
5,675;84,000
5,685;76,000
5,695;81,000
5,705;84,000
5,715;90,000
5,725;83,000
5,735;99,000
5,745;85,000
5,755;76,000
5,765;106,000
5,775;102,000
5,785;94,000
5,795;81,000
5,805;98,000
5,815;91,000
5,825;78,000
5,835;81,000
5,845;103,000
5,855;99,000
5,865;102,000
5,875;85,000
5,885;97,000
5,895;82,000
5,905;77,000
5,915;90,000
5,925;92,000
5,935;75,000
5,945;88,000
5,955;87,000
5,965;80,000
5,975;114,000
5,985;96,000
5,995;107,000
6,005;69,000
6,015;82,000
6,025;96,000
6,035;89,000
6,045;76,000
6,055;76,000
6,065;86,000
6,075;79,000
6,085;73,000
6,095;95,000
6,105;88,000
6,115;80,000
6,125;72,000
6,135;75,000
6,145;98,000
6,155;77,000
6,165;87,000
6,175;78,000
6,185;71,000
6,195;85,000
6,205;76,000
6,215;65,000
6,225;94,000
6,235;87,000
6,245;70,000
6,255;80,000
6,265;83,000
6,275;83,000
6,285;96,000
6,295;82,000
6,305;80,000
6,315;74,000
6,325;70,000
6,335;71,000
6,345;108,000
6,355;99,000
6,365;80,000
6,375;103,000
6,385;84,000
6,395;73,000
6,405;105,000
6,415;83,000
6,425;108,000
6,435;87,000
6,445;90,000
6,455;95,000
6,465;84,000
6,475;82,000
6,485;98,000
6,495;90,000
6,505;75,000
6,515;88,000
6,525;96,000
6,535;80,000
6,545;83,000
6,555;84,000
6,565;78,000
6,575;91,000
6,585;89,000
6,595;89,000
6,605;101,000
6,615;84,000
6,625;88,000
6,635;111,000
6,645;94,000
6,655;69,000
6,665;96,000
6,675;91,000
6,685;103,000
6,695;90,000
6,705;91,000
6,715;102,000
6,725;105,000
6,735;116,000
6,745;94,000
6,755;96,000
6,765;91,000
6,775;91,000
6,785;81,000
6,795;86,000
6,805;94,000
6,815;92,000
6,825;98,000
6,835;89,000
6,845;87,000
6,855;83,000
6,865;94,000
6,875;78,000
6,885;96,000
6,895;92,000
6,905;87,000
6,915;86,000
6,925;86,000
6,935;88,000
6,945;77,000
6,955;80,000
6,965;70,000
6,975;91,000
6,985;82,000
6,995;77,000
7,005;97,000
7,015;75,000
7,025;85,000
7,035;79,000
7,045;96,000
7,055;80,000
7,065;69,000
7,075;84,000
7,085;99,000
7,095;80,000
7,105;89,000
7,115;81,000
7,125;110,000
7,135;89,000
7,145;73,000
7,155;84,000
7,165;64,000
7,175;87,000
7,185;87,000
7,195;97,000
7,205;90,000
7,215;79,000
7,225;84,000
7,235;91,000
7,245;81,000
7,255;94,000
7,265;97,000
7,275;83,000
7,285;123,000
7,295;63,000
7,305;84,000
7,315;85,000
7,325;91,000
7,335;73,000
7,345;92,000
7,355;98,000
7,365;96,000
7,375;79,000
7,385;88,000
7,395;91,000
7,405;77,000
7,415;77,000
7,425;73,000
7,435;63,000
7,445;86,000
7,455;72,000
7,465;78,000
7,475;86,000
7,485;66,000
7,495;80,000
7,505;74,000
7,515;75,000
7,525;85,000
7,535;88,000
7,545;77,000
7,555;74,000
7,565;78,000
7,575;67,000
7,585;90,000
7,595;91,000
7,605;102,000
7,615;97,000
7,625;77,000
7,635;72,000
7,645;81,000
7,655;89,000
7,665;76,000
7,675;88,000
7,685;91,000
7,695;82,000
7,705;91,000
7,715;80,000
7,725;89,000
7,735;90,000
7,745;91,000
7,755;84,000
7,765;72,000
7,775;88,000
7,785;95,000
7,795;74,000
7,805;84,000
7,815;101,000
7,825;93,000
7,835;82,000
7,845;90,000
7,855;87,000
7,865;94,000
7,875;83,000
7,885;93,000
7,895;81,000
7,905;103,000
7,915;86,000
7,925;94,000
7,935;86,000
7,945;100,000
7,955;97,000
7,965;88,000
7,975;93,000
7,985;78,000
7,995;87,000
8,005;94,000
8,015;85,000
8,025;99,000
8,035;58,000
8,045;100,000
8,055;75,000
8,065;79,000
8,075;70,000
8,085;98,000
8,095;88,000
8,105;88,000
8,115;86,000
8,125;86,000
8,135;75,000
8,145;102,000
8,155;81,000
8,165;84,000
8,175;75,000
8,185;74,000
8,195;86,000
8,205;98,000
8,215;87,000
8,225;106,000
8,235;78,000
8,245;77,000
8,255;93,000
8,265;81,000
8,275;95,000
8,285;96,000
8,295;93,000
8,305;90,000
8,315;94,000
8,325;85,000
8,335;102,000
8,345;73,000
8,355;98,000
8,365;96,000
8,375;97,000
8,385;99,000
8,395;89,000
8,405;81,000
8,415;80,000
8,425;88,000
8,435;95,000
8,445;89,000
8,455;94,000
8,465;89,000
8,475;87,000
8,485;90,000
8,495;76,000
8,505;71,000
8,515;70,000
8,525;83,000
8,535;82,000
8,545;103,000
8,555;75,000
8,565;94,000
8,575;87,000
8,585;65,000
8,595;105,000
8,605;108,000
8,615;80,000
8,625;79,000
8,635;83,000
8,645;97,000
8,655;87,000
8,665;104,000
8,675;83,000
8,685;84,000
8,695;84,000
8,705;93,000
8,715;87,000
8,725;80,000
8,735;113,000
8,745;82,000
8,755;75,000
8,765;78,000
8,775;80,000
8,785;87,000
8,795;94,000
8,805;99,000
8,815;78,000
8,825;96,000
8,835;92,000
8,845;69,000
8,855;83,000
8,865;100,000
8,875;106,000
8,885;102,000
8,895;109,000
8,905;113,000
8,915;85,000
8,925;88,000
8,935;113,000
8,945;86,000
8,955;104,000
8,965;95,000
8,975;92,000
8,985;103,000
8,995;72,000
9,005;104,000
9,015;96,000
9,025;97,000
9,035;103,000
9,045;103,000
9,055;104,000
9,065;111,000
9,075;92,000
9,085;107,000
9,095;116,000
9,105;125,000
9,115;88,000
9,125;104,000
9,135;92,000
9,145;88,000
9,155;102,000
9,165;111,000
9,175;101,000
9,185;97,000
9,195;112,000
9,205;79,000
9,215;97,000
9,225;98,000
9,235;94,000
9,245;84,000
9,255;89,000
9,265;99,000
9,275;98,000
9,285;93,000
9,295;104,000
9,305;78,000
9,315;108,000
9,325;107,000
9,335;98,000
9,345;82,000
9,355;97,000
9,365;87,000
9,375;109,000
9,385;101,000
9,395;85,000
9,405;84,000
9,415;89,000
9,425;90,000
9,435;95,000
9,445;89,000
9,455;82,000
9,465;96,000
9,475;80,000
9,485;86,000
9,495;56,000
9,505;86,000
9,515;87,000
9,525;86,000
9,535;106,000
9,545;91,000
9,555;71,000
9,565;73,000
9,575;87,000
9,585;85,000
9,595;76,000
9,605;79,000
9,615;88,000
9,625;86,000
9,635;75,000
9,645;76,000
9,655;66,000
9,665;73,000
9,675;85,000
9,685;78,000
9,695;90,000
9,705;66,000
9,715;83,000
9,725;79,000
9,735;71,000
9,745;58,000
9,755;66,000
9,765;70,000
9,775;71,000
9,785;63,000
9,795;76,000
9,805;60,000
9,815;62,000
9,825;56,000
9,835;78,000
9,845;52,000
9,855;42,000
9,865;57,000
9,875;57,000
9,885;63,000
9,895;41,000
9,905;40,000
9,915;52,000
9,925;60,000
9,935;70,000
9,945;42,000
9,955;48,000
9,965;62,000
9,975;52,000
9,985;50,000
9,995;48,000
10,005;47,000
10,015;48,000
10,025;47,000
10,035;45,000
10,045;44,000
10,055;55,000
10,065;38,000
10,075;45,000
10,085;50,000
10,095;35,000
10,105;32,000
10,115;41,000
10,125;45,000
10,135;46,000
10,145;40,000
10,155;38,000
10,165;49,000
10,175;37,000
10,185;41,000
10,195;43,000
10,205;26,000
10,215;37,000
10,225;36,000
10,235;36,000
10,245;29,000
10,255;35,000
10,265;42,000
10,275;30,000
10,285;35,000
10,295;27,000
10,305;32,000
10,315;35,000
10,325;46,000
10,335;33,000
10,345;36,000
10,355;42,000
10,365;40,000
10,375;42,000
10,385;33,000
10,395;35,000
10,405;32,000
10,415;32,000
10,425;30,000
10,435;31,000
10,445;38,000
10,455;30,000
10,465;30,000
10,475;35,000
10,485;33,000
10,495;34,000
10,505;20,000
10,515;30,000
10,525;31,000
10,535;30,000
10,545;31,000
10,555;30,000
10,565;38,000
10,575;29,000
10,585;29,000
10,595;30,000
10,605;23,000
10,615;28,000
10,625;37,000
10,635;29,000
10,645;45,000
10,655;32,000
10,665;32,000
10,675;24,000
10,685;38,000
10,695;30,000
10,705;33,000
10,715;39,000
10,725;36,000
10,735;34,000
10,745;41,000
10,755;40,000
10,765;39,000
10,775;43,000
10,785;32,000
10,795;49,000
10,805;49,000
10,815;48,000
10,825;56,000
10,835;46,000
10,845;61,000
10,855;60,000
10,865;69,000
10,875;64,000
10,885;61,000
10,895;47,000
10,905;68,000
10,915;56,000
10,925;61,000
10,935;62,000
10,945;66,000
10,955;83,000
10,965;82,000
10,975;73,000
10,985;87,000
10,995;80,000
11,005;88,000
11,015;92,000
11,025;98,000
11,035;103,000
11,045;114,000
11,055;99,000
11,065;108,000
11,075;103,000
11,085;130,000
11,095;132,000
11,105;137,000
11,115;133,000
11,125;176,000
11,135;174,000
11,145;172,000
11,155;119,000
11,165;206,000
11,175;200,000
11,185;180,000
11,195;214,000
11,205;189,000
11,215;233,000
11,225;222,000
11,235;233,000
11,245;223,000
11,255;255,000
11,265;257,000
11,275;301,000
11,285;280,000
11,295;294,000
11,305;296,000
11,315;310,000
11,325;317,000
11,335;303,000
11,345;317,000
11,355;342,000
11,365;381,000
11,375;363,000
11,385;387,000
11,395;364,000
11,405;398,000
11,415;378,000
11,425;395,000
11,435;372,000
11,445;441,000
11,455;457,000
11,465;408,000
11,475;446,000
11,485;441,000
11,495;440,000
11,505;413,000
11,515;468,000
11,525;448,000
11,535;456,000
11,545;402,000
11,555;427,000
11,565;478,000
11,575;457,000
11,585;455,000
11,595;473,000
11,605;443,000
11,615;430,000
11,625;394,000
11,635;446,000
11,645;427,000
11,655;381,000
11,665;440,000
11,675;427,000
11,685;405,000
11,695;444,000
11,705;438,000
11,715;403,000
11,725;374,000
11,735;391,000
11,745;423,000
11,755;339,000
11,765;354,000
11,775;350,000
11,785;364,000
11,795;364,000
11,805;348,000
11,815;322,000
11,825;289,000
11,835;278,000
11,845;275,000
11,855;287,000
11,865;291,000
11,875;269,000
11,885;250,000
11,895;224,000
11,905;270,000
11,915;235,000
11,925;207,000
11,935;202,000
11,945;228,000
11,955;210,000
11,965;197,000
11,975;177,000
11,985;180,000
11,995;144,000
12,005;163,000
12,015;151,000
12,025;135,000
12,035;138,000
12,045;126,000
12,055;128,000
12,065;136,000
12,075;136,000
12,085;98,000
12,095;113,000
12,105;94,000
12,115;80,000
12,125;86,000
12,135;93,000
12,145;71,000
12,155;84,000
12,165;86,000
12,175;66,000
12,185;61,000
12,195;59,000
12,205;60,000
12,215;62,000
12,225;58,000
12,235;52,000
12,245;52,000
12,255;54,000
12,265;56,000
12,275;49,000
12,285;49,000
12,295;47,000
12,305;48,000
12,315;34,000
12,325;37,000
12,335;34,000
12,345;35,000
12,355;27,000
12,365;35,000
12,375;27,000
12,385;35,000
12,395;39,000
12,405;28,000
12,415;30,000
12,425;29,000
12,435;21,000
12,445;27,000
12,455;18,000
12,465;20,000
12,475;22,000
12,485;19,000
12,495;26,000
12,505;30,000
12,515;24,000
12,525;23,000
12,535;16,000
12,545;21,000
12,555;16,000
12,565;20,000
12,575;11,000
12,585;15,000
12,595;25,000
12,605;21,000
12,615;23,000
12,625;19,000
12,635;11,000
12,645;21,000
12,655;6,000
12,665;20,000
12,675;20,000
12,685;16,000
12,695;18,000
12,705;14,000
12,715;17,000
12,725;24,000
12,735;20,000
12,745;12,000
12,755;23,000
12,765;19,000
12,775;20,000
12,785;19,000
12,795;16,000
12,805;8,000
12,815;14,000
12,825;16,000
12,835;15,000
12,845;13,000
12,855;16,000
12,865;16,000
12,875;15,000
12,885;16,000
12,895;22,000
12,905;13,000
12,915;10,000
12,925;15,000
12,935;14,000
12,945;19,000
12,955;19,000
12,965;13,000
12,975;23,000
12,985;15,000
12,995;17,000
13,005;11,000
13,015;19,000
13,025;16,000
13,035;18,000
13,045;10,000
13,055;20,000
13,065;16,000
13,075;12,000
13,085;11,000
13,095;20,000
13,105;20,000
13,115;26,000
13,125;15,000
13,135;21,000
13,145;15,000
13,155;21,000
13,165;17,000
13,175;20,000
13,185;14,000
13,195;22,000
13,205;15,000
13,215;26,000
13,225;18,000
13,235;20,000
13,245;16,000
13,255;22,000
13,265;21,000
13,275;12,000
13,285;22,000
13,295;15,000
13,305;22,000
13,315;18,000
13,325;21,000
13,335;14,000
13,345;7,000
13,355;12,000
13,365;29,000
13,375;14,000
13,385;19,000
13,395;9,000
13,405;21,000
13,415;16,000
13,425;17,000
13,435;17,000
13,445;24,000
13,455;16,000
13,465;18,000
13,475;15,000
13,485;26,000
13,495;11,000
13,505;11,000
13,515;14,000
13,525;12,000
13,535;15,000
13,545;13,000
13,555;17,000
13,565;13,000
13,575;15,000
13,585;16,000
13,595;25,000
13,605;18,000
13,615;21,000
13,625;6,000
13,635;11,000
13,645;24,000
13,655;21,000
13,665;14,000
13,675;18,000
13,685;16,000
13,695;21,000
13,705;12,000
13,715;18,000
13,725;17,000
13,735;12,000
13,745;18,000
13,755;16,000
13,765;21,000
13,775;15,000
13,785;12,000
13,795;15,000
13,805;19,000
13,815;20,000
13,825;20,000
13,835;17,000
13,845;10,000
13,855;17,000
13,865;17,000
13,875;19,000
13,885;10,000
13,895;11,000
13,905;24,000
13,915;19,000
13,925;12,000
13,935;17,000
13,945;15,000
13,955;14,000
13,965;18,000
13,975;12,000
13,985;11,000
13,995;15,000
14,005;19,000
14,015;13,000
14,025;14,000
14,035;19,000
14,045;13,000
14,055;23,000
14,065;11,000
14,075;11,000
14,085;16,000
14,095;14,000
14,105;19,000
14,115;21,000
14,125;11,000
14,135;15,000
14,145;4,000
14,155;10,000
14,165;15,000
14,175;14,000
14,185;7,000
14,195;17,000
14,205;18,000
14,215;6,000
14,225;6,000
14,235;20,000
14,245;9,000
14,255;9,000
14,265;7,000
14,275;10,000
14,285;10,000
14,295;14,000
14,305;6,000
14,315;17,000
14,325;9,000
14,335;15,000
14,345;9,000
14,355;7,000
14,365;8,000
14,375;6,000
14,385;7,000
14,395;8,000
14,405;16,000
14,415;15,000
14,425;7,000
14,435;8,000
14,445;6,000
14,455;6,000
14,465;7,000
14,475;5,000
14,485;4,000
14,495;7,000
14,505;9,000
14,515;6,000
14,525;8,000
14,535;2,000
14,545;1,000
14,555;9,000
14,565;4,000
14,575;6,000
14,585;6,000
14,595;8,000
14,605;3,000
14,615;7,000
14,625;7,000
14,635;6,000
14,645;6,000
14,655;4,000
14,665;4,000
14,675;3,000
14,685;5,000
14,695;4,000
14,705;9,000
14,715;6,000
14,725;4,000
14,735;3,000
14,745;12,000
14,755;7,000
14,765;9,000
14,775;3,000
14,785;6,000
14,795;4,000
14,805;8,000
14,815;8,000
14,825;9,000
14,835;6,000
14,845;5,000
14,855;9,000
14,865;4,000
14,875;3,000
14,885;5,000
14,895;3,000
14,905;10,000
14,915;12,000
14,925;11,000
14,935;15,000
14,945;4,000
14,955;4,000
14,965;14,000
14,975;9,000
14,985;12,000
14,995;12,000
15,005;17,000
15,015;15,000
15,025;17,000
15,035;15,000
15,045;11,000
15,055;17,000
15,065;15,000
15,075;8,000
15,085;24,000
15,095;26,000
15,105;19,000
15,115;23,000
15,125;15,000
15,135;24,000
15,145;23,000
15,155;23,000
15,165;24,000
15,175;19,000
15,185;20,000
15,195;19,000
15,205;25,000
15,215;36,000
15,225;22,000
15,235;25,000
15,245;40,000
15,255;22,000
15,265;30,000
15,275;28,000
15,285;30,000
15,295;34,000
15,305;47,000
15,315;44,000
15,325;50,000
15,335;75,000
15,345;79,000
15,355;80,000
15,365;86,000
15,375;92,000
15,385;93,000
15,395;103,000
15,405;63,000
15,415;96,000
15,425;76,000
15,435;71,000
15,445;62,000
15,455;53,000
15,465;66,000
15,475;42,000
15,485;41,000
15,495;33,000
15,505;32,000
15,515;17,000
15,525;20,000
15,535;14,000
15,545;13,000
15,555;11,000
15,565;12,000
15,575;7,000
15,585;7,000
15,595;5,000
15,605;9,000
15,615;5,000
15,625;3,000
15,635;1,000
15,645;2,000
15,655;8,000
15,665;6,000
15,675;2,000
15,685;3,000
15,695;0,000
15,705;4,000
15,715;1,000
15,725;0,000
15,735;3,000
15,745;1,000
15,755;3,000
15,765;0,000
15,775;3,000
15,785;4,000
15,795;1,000
15,805;2,000
15,815;1,000
15,825;2,000
15,835;5,000
15,845;4,000
15,855;1,000
15,865;3,000
15,875;4,000
15,885;3,000
15,895;2,000
15,905;1,000
15,915;0,000
15,925;1,000
15,935;2,000
15,945;1,000
15,955;3,000
15,965;0,000
15,975;1,000
15,985;1,000
15,995;0,000
16,005;2,000
16,015;1,000
16,025;0,000
16,035;1,000
16,045;1,000
16,055;2,000
16,065;3,000
16,075;2,000
16,085;1,000
16,095;1,000
16,105;0,000
16,115;1,000
16,125;0,000
16,135;0,000
16,145;2,000
16,155;1,000
16,165;0,000
16,175;2,000
16,185;3,000
16,195;1,000
16,205;0,000
16,215;1,000
16,225;3,000
16,235;0,000
16,245;2,000
16,255;1,000
16,265;2,000
16,275;0,000
16,285;0,000
16,295;0,000
16,305;1,000
16,315;3,000
16,325;1,000
16,335;3,000
16,345;0,000
16,355;2,000
16,365;0,000
16,375;0,000
16,385;1,000
16,395;2,000
16,405;0,000
16,415;0,000
16,425;0,000
16,435;1,000
16,445;0,000
16,455;1,000
16,465;0,000
16,475;2,000
16,485;0,000
16,495;0,000
16,505;1,000
16,515;1,000
16,525;0,000
16,535;0,000
16,545;0,000
16,555;1,000
16,565;0,000
16,575;0,000
16,585;0,000
16,595;0,000
16,605;1,000
16,615;1,000
16,625;0,000
16,635;0,000
16,645;2,000
16,655;2,000
16,665;0,000
16,675;2,000
16,685;3,000
16,695;2,000
16,705;1,000
16,715;1,000
16,725;3,000
16,735;1,000
16,745;0,000
16,755;2,000
16,765;0,000
16,775;1,000
16,785;0,000
16,795;1,000
16,805;0,000
16,815;1,000
16,825;1,000
16,835;0,000
16,845;1,000
16,855;0,000
16,865;0,000
16,875;1,000
16,885;0,000
16,895;0,000
16,905;0,000
16,915;0,000
16,925;4,000
16,935;1,000
16,945;1,000
16,955;1,000
16,965;3,000
16,975;0,000
16,985;0,000
16,995;0,000
17,005;1,000
17,015;0,000
17,025;1,000
17,035;1,000
17,045;0,000
17,055;0,000
17,065;0,000
17,075;1,000
17,085;0,000
17,095;1,000
17,105;0,000
17,115;1,000
17,125;1,000
17,135;1,000
17,145;2,000
17,155;1,000
17,165;1,000
17,175;0,000
17,185;2,000
17,195;1,000
17,205;0,000
17,215;0,000
17,225;1,000
17,235;0,000
17,245;1,000
17,255;0,000
17,265;1,000
17,275;2,000
17,285;1,000
17,295;0,000
17,305;1,000
17,315;0,000
17,325;0,000
17,335;0,000
17,345;0,000
17,355;1,000
17,365;0,000
17,375;1,000
17,385;1,000
17,395;2,000
17,405;0,000
17,415;3,000
17,425;0,000
17,435;1,000
17,445;0,000
17,455;2,000
17,465;0,000
17,475;3,000
17,485;0,000
17,495;1,000
17,505;0,000
17,515;1,000
17,525;1,000
17,535;1,000
17,545;2,000
17,555;3,000
17,565;0,000
17,575;0,000
17,585;0,000
17,595;0,000
17,605;1,000
17,615;1,000
17,625;0,000
17,635;0,000
17,645;0,000
17,655;1,000
17,665;0,000
17,675;0,000
17,685;0,000
17,695;0,000
17,705;0,000
17,715;0,000
17,725;0,000
17,735;0,000
17,745;0,000
17,755;0,000
17,765;0,000
17,775;0,000
17,785;0,000
17,795;0,000
17,805;0,000
17,815;0,000
17,825;0,000
17,835;1,000
17,845;0,000
17,855;1,000
17,865;0,000
17,875;0,000
17,885;0,000
17,895;0,000
17,905;0,000
17,915;0,000
17,925;0,000
17,935;0,000
17,945;0,000
17,955;1,000
17,965;0,000
17,975;0,000
17,985;0,000
17,995;0,000
18,005;1,000
18,015;0,000
18,025;0,000
18,035;0,000
18,045;0,000
18,055;0,000
18,065;0,000
18,075;0,000
18,085;1,000
18,095;0,000
18,105;0,000
18,115;0,000
18,125;0,000
18,135;0,000
18,145;0,000
18,155;1,000
18,165;0,000
18,175;0,000
18,185;0,000
18,195;0,000
18,205;0,000
18,215;0,000
18,225;0,000
18,235;0,000
18,245;0,000
18,255;0,000
18,265;0,000
18,275;0,000
18,285;1,000
18,295;0,000
18,305;0,000
18,315;0,000
18,325;0,000
18,335;0,000
18,345;0,000
18,355;0,000
18,365;0,000
18,375;0,000
18,385;1,000
18,395;0,000
18,405;0,000
18,415;0,000
18,425;0,000
18,435;0,000
18,445;0,000
18,455;0,000
18,465;0,000
18,475;0,000
18,485;0,000
18,495;0,000
18,505;0,000
18,515;0,000
18,525;0,000
18,535;0,000
18,545;0,000
18,555;0,000
18,565;0,000
18,575;0,000
18,585;0,000
18,595;0,000
18,605;0,000
18,615;1,000
18,625;0,000
18,635;0,000
18,645;0,000
18,655;0,000
18,665;0,000
18,675;0,000
18,685;0,000
18,695;0,000
18,705;0,000
18,715;0,000
18,725;0,000
18,735;0,000
18,745;0,000
18,755;0,000
18,765;0,000
18,775;0,000
18,785;0,000
18,795;0,000
18,805;0,000
18,815;0,000
18,825;0,000
18,835;0,000
18,845;0,000
18,855;0,000
18,865;0,000
18,875;0,000
18,885;0,000
18,895;0,000
18,905;0,000
18,915;0,000
18,925;0,000
18,935;0,000
18,945;0,000
18,955;0,000
18,965;0,000
18,975;0,000
18,985;0,000
18,995;0,000
19,005;0,000
19,015;0,000
19,025;0,000
19,035;0,000
19,045;0,000
19,055;0,000
19,065;0,000
19,075;0,000
19,085;0,000
19,095;0,000
19,105;0,000
19,115;0,000
19,125;0,000
19,135;0,000
19,145;0,000
19,155;0,000
19,165;0,000
19,175;0,000
19,185;0,000
19,195;0,000
19,205;0,000
19,215;0,000
19,225;0,000
19,235;0,000
19,245;0,000
19,255;0,000
19,265;0,000
19,275;0,000
19,285;0,000
19,295;1,000
19,305;0,000
19,315;0,000
19,325;0,000
19,335;0,000
19,345;0,000
19,355;0,000
19,365;0,000
19,375;0,000
19,385;0,000
19,395;0,000
19,405;0,000
19,415;0,000
19,425;0,000
19,435;0,000
19,445;0,000
19,455;0,000
19,465;0,000
19,475;0,000
19,485;0,000
19,495;0,000
19,505;0,000
19,515;0,000
19,525;0,000
19,535;0,000
19,545;0,000
19,555;0,000
19,565;0,000
19,575;0,000
19,585;0,000
19,595;0,000
19,605;0,000
19,615;0,000
19,625;0,000
19,635;0,000
19,645;0,000
19,655;0,000
19,665;0,000
19,675;0,000
19,685;0,000
19,695;0,000
19,705;0,000
19,715;0,000
19,725;0,000
19,735;1,000
19,745;0,000
19,755;0,000
19,765;0,000
19,775;0,000
19,785;0,000
19,795;0,000
19,805;0,000
19,815;0,000
19,825;0,000
19,835;0,000
19,845;0,000
19,855;0,000
19,865;0,000
19,875;0,000
19,885;0,000
19,895;0,000
19,905;0,000
19,915;0,000
19,925;52,000
19,935;0,000
19,945;0,000
19,955;0,000
19,965;0,000
19,975;0,000
19,985;0,000
19,995;10,000
