0,005;0,000
0,015;0,000
0,025;0,000
0,035;0,000
0,045;0,000
0,055;0,000
0,065;0,000
0,075;0,000
0,085;0,000
0,095;0,000
0,105;0,000
0,115;0,000
0,125;0,000
0,135;0,000
0,145;0,000
0,155;0,000
0,165;0,000
0,175;0,000
0,185;0,000
0,195;0,000
0,205;0,000
0,215;0,000
0,225;0,000
0,235;0,000
0,245;0,000
0,255;0,000
0,265;0,000
0,275;0,000
0,285;0,000
0,295;0,000
0,305;0,000
0,315;0,000
0,325;0,000
0,335;0,000
0,345;0,000
0,355;0,000
0,365;0,000
0,375;0,000
0,385;0,000
0,395;0,000
0,405;0,000
0,415;0,000
0,425;0,000
0,435;0,000
0,445;0,000
0,455;0,000
0,465;0,000
0,475;0,000
0,485;0,000
0,495;0,000
0,505;0,000
0,515;0,000
0,525;0,000
0,535;0,000
0,545;0,000
0,555;0,000
0,565;0,000
0,575;0,000
0,585;0,000
0,595;0,000
0,605;0,000
0,615;0,000
0,625;0,000
0,635;0,000
0,645;0,000
0,655;0,000
0,665;0,000
0,675;0,000
0,685;0,000
0,695;0,000
0,705;0,000
0,715;0,000
0,725;0,000
0,735;0,000
0,745;0,000
0,755;0,000
0,765;0,000
0,775;0,000
0,785;0,000
0,795;0,000
0,805;0,000
0,815;0,000
0,825;0,000
0,835;0,000
0,845;0,000
0,855;0,000
0,865;0,000
0,875;0,000
0,885;0,000
0,895;0,000
0,905;0,000
0,915;0,000
0,925;0,000
0,935;0,000
0,945;0,000
0,955;0,000
0,965;0,000
0,975;0,000
0,985;0,000
0,995;0,000
1,005;0,000
1,015;0,000
1,025;0,000
1,035;0,000
1,045;0,000
1,055;0,000
1,065;0,000
1,075;0,000
1,085;0,000
1,095;0,000
1,105;0,000
1,115;0,000
1,125;0,000
1,135;0,000
1,145;0,000
1,155;0,000
1,165;0,000
1,175;0,000
1,185;0,000
1,195;0,000
1,205;0,000
1,215;0,000
1,225;0,000
1,235;0,000
1,245;0,000
1,255;0,000
1,265;0,000
1,275;0,000
1,285;0,000
1,295;0,000
1,305;0,000
1,315;0,000
1,325;0,000
1,335;0,000
1,345;0,000
1,355;0,000
1,365;0,000
1,375;0,000
1,385;0,000
1,395;0,000
1,405;0,000
1,415;0,000
1,425;0,000
1,435;0,000
1,445;0,000
1,455;0,000
1,465;1,000
1,475;15,000
1,485;51,000
1,495;102,000
1,505;139,000
1,515;163,000
1,525;148,000
1,535;173,000
1,545;128,000
1,555;152,000
1,565;149,000
1,575;175,000
1,585;137,000
1,595;177,000
1,605;155,000
1,615;178,000
1,625;160,000
1,635;145,000
1,645;138,000
1,655;153,000
1,665;174,000
1,675;154,000
1,685;159,000
1,695;178,000
1,705;175,000
1,715;185,000
1,725;168,000
1,735;171,000
1,745;142,000
1,755;175,000
1,765;183,000
1,775;166,000
1,785;183,000
1,795;209,000
1,805;181,000
1,815;203,000
1,825;201,000
1,835;188,000
1,845;201,000
1,855;188,000
1,865;215,000
1,875;193,000
1,885;211,000
1,895;208,000
1,905;192,000
1,915;199,000
1,925;210,000
1,935;224,000
1,945;219,000
1,955;215,000
1,965;208,000
1,975;202,000
1,985;169,000
1,995;200,000
2,005;211,000
2,015;178,000
2,025;246,000
2,035;177,000
2,045;191,000
2,055;193,000
2,065;191,000
2,075;182,000
2,085;196,000
2,095;183,000
2,105;215,000
2,115;203,000
2,125;189,000
2,135;194,000
2,145;193,000
2,155;197,000
2,165;177,000
2,175;198,000
2,185;179,000
2,195;209,000
2,205;178,000
2,215;176,000
2,225;192,000
2,235;187,000
2,245;181,000
2,255;217,000
2,265;189,000
2,275;177,000
2,285;189,000
2,295;188,000
2,305;216,000
2,315;199,000
2,325;195,000
2,335;190,000
2,345;200,000
2,355;190,000
2,365;183,000
2,375;183,000
2,385;181,000
2,395;182,000
2,405;165,000
2,415;209,000
2,425;188,000
2,435;178,000
2,445;171,000
2,455;149,000
2,465;175,000
2,475;178,000
2,485;180,000
2,495;199,000
2,505;193,000
2,515;203,000
2,525;192,000
2,535;184,000
2,545;179,000
2,555;171,000
2,565;178,000
2,575;178,000
2,585;149,000
2,595;170,000
2,605;164,000
2,615;181,000
2,625;176,000
2,635;171,000
2,645;185,000
2,655;205,000
2,665;169,000
2,675;168,000
2,685;166,000
2,695;170,000
2,705;173,000
2,715;193,000
2,725;181,000
2,735;179,000
2,745;163,000
2,755;185,000
2,765;195,000
2,775;185,000
2,785;178,000
2,795;216,000
2,805;177,000
2,815;162,000
2,825;187,000
2,835;155,000
2,845;139,000
2,855;151,000
2,865;159,000
2,875;152,000
2,885;159,000
2,895;146,000
2,905;153,000
2,915;168,000
2,925;176,000
2,935;152,000
2,945;162,000
2,955;177,000
2,965;157,000
2,975;164,000
2,985;160,000
2,995;172,000
3,005;157,000
3,015;181,000
3,025;147,000
3,035;173,000
3,045;166,000
3,055;195,000
3,065;164,000
3,075;198,000
3,085;168,000
3,095;136,000
3,105;162,000
3,115;174,000
3,125;175,000
3,135;143,000
3,145;160,000
3,155;135,000
3,165;164,000
3,175;167,000
3,185;160,000
3,195;172,000
3,205;163,000
3,215;153,000
3,225;177,000
3,235;136,000
3,245;180,000
3,255;137,000
3,265;154,000
3,275;154,000
3,285;159,000
3,295;167,000
3,305;153,000
3,315;137,000
3,325;144,000
3,335;145,000
3,345;171,000
3,355;161,000
3,365;166,000
3,375;153,000
3,385;155,000
3,395;170,000
3,405;131,000
3,415;146,000
3,425;130,000
3,435;146,000
3,445;135,000
3,455;140,000
3,465;139,000
3,475;160,000
3,485;150,000
3,495;144,000
3,505;139,000
3,515;161,000
3,525;163,000
3,535;133,000
3,545;155,000
3,555;163,000
3,565;119,000
3,575;151,000
3,585;151,000
3,595;127,000
3,605;137,000
3,615;157,000
3,625;132,000
3,635;148,000
3,645;152,000
3,655;159,000
3,665;147,000
3,675;150,000
3,685;157,000
3,695;141,000
3,705;140,000
3,715;157,000
3,725;140,000
3,735;149,000
3,745;152,000
3,755;157,000
3,765;144,000
3,775;136,000
3,785;137,000
3,795;149,000
3,805;133,000
3,815;118,000
3,825;132,000
3,835;135,000
3,845;145,000
3,855;130,000
3,865;136,000
3,875;137,000
3,885;119,000
3,895;143,000
3,905;150,000
3,915;122,000
3,925;143,000
3,935;146,000
3,945;123,000
3,955;139,000
3,965;141,000
3,975;157,000
3,985;127,000
3,995;115,000
4,005;153,000
4,015;143,000
4,025;127,000
4,035;133,000
4,045;135,000
4,055;138,000
4,065;144,000
4,075;136,000
4,085;147,000
4,095;130,000
4,105;135,000
4,115;153,000
4,125;128,000
4,135;113,000
4,145;131,000
4,155;129,000
4,165;127,000
4,175;131,000
4,185;133,000
4,195;125,000
4,205;104,000
4,215;123,000
4,225;120,000
4,235;109,000
4,245;94,000
4,255;91,000
4,265;83,000
4,275;94,000
4,285;85,000
4,295;80,000
4,305;83,000
4,315;87,000
4,325;89,000
4,335;90,000
4,345;89,000
4,355;90,000
4,365;70,000
4,375;80,000
4,385;85,000
4,395;64,000
4,405;77,000
4,415;63,000
4,425;64,000
4,435;58,000
4,445;57,000
4,455;48,000
4,465;70,000
4,475;62,000
4,485;69,000
4,495;50,000
4,505;46,000
4,515;51,000
4,525;41,000
4,535;48,000
4,545;50,000
4,555;51,000
4,565;54,000
4,575;46,000
4,585;58,000
4,595;40,000
4,605;50,000
4,615;45,000
4,625;41,000
4,635;43,000
4,645;48,000
4,655;44,000
4,665;32,000
4,675;30,000
4,685;38,000
4,695;40,000
4,705;40,000
4,715;25,000
4,725;38,000
4,735;36,000
4,745;31,000
4,755;33,000
4,765;24,000
4,775;25,000
4,785;39,000
4,795;32,000
4,805;30,000
4,815;30,000
4,825;39,000
4,835;38,000
4,845;23,000
4,855;25,000
4,865;26,000
4,875;29,000
4,885;26,000
4,895;40,000
4,905;24,000
4,915;36,000
4,925;17,000
4,935;25,000
4,945;26,000
4,955;22,000
4,965;37,000
4,975;22,000
4,985;18,000
4,995;29,000
5,005;31,000
5,015;39,000
5,025;25,000
5,035;26,000
5,045;32,000
5,055;22,000
5,065;31,000
5,075;22,000
5,085;21,000
5,095;22,000
5,105;20,000
5,115;31,000
5,125;23,000
5,135;33,000
5,145;24,000
5,155;28,000
5,165;24,000
5,175;31,000
5,185;28,000
5,195;23,000
5,205;37,000
5,215;33,000
5,225;33,000
5,235;18,000
5,245;25,000
5,255;38,000
5,265;26,000
5,275;25,000
5,285;25,000
5,295;44,000
5,305;33,000
5,315;40,000
5,325;30,000
5,335;23,000
5,345;50,000
5,355;39,000
5,365;46,000
5,375;49,000
5,385;54,000
5,395;59,000
5,405;57,000
5,415;77,000
5,425;70,000
5,435;84,000
5,445;93,000
5,455;85,000
5,465;76,000
5,475;119,000
5,485;94,000
5,495;102,000
5,505;115,000
5,515;129,000
5,525;133,000
5,535;179,000
5,545;170,000
5,555;186,000
5,565;193,000
5,575;170,000
5,585;266,000
5,595;259,000
5,605;268,000
5,615;281,000
5,625;297,000
5,635;328,000
5,645;362,000
5,655;414,000
5,665;418,000
5,675;440,000
5,685;503,000
5,695;474,000
5,705;536,000
5,715;550,000
5,725;584,000
5,735;608,000
5,745;730,000
5,755;668,000
5,765;745,000
5,775;777,000
5,785;816,000
5,795;813,000
5,805;816,000
5,815;835,000
5,825;905,000
5,835;894,000
5,845;907,000
5,855;909,000
5,865;998,000
5,875;967,000
5,885;997,000
5,895;979,000
5,905;1029,000
5,915;1072,000
5,925;1049,000
5,935;987,000
5,945;1053,000
5,955;1003,000
5,965;984,000
5,975;1005,000
5,985;1093,000
5,995;1017,000
6,005;953,000
6,015;923,000
6,025;945,000
6,035;850,000
6,045;859,000
6,055;822,000
6,065;748,000
6,075;764,000
6,085;775,000
6,095;697,000
6,105;711,000
6,115;612,000
6,125;579,000
6,135;559,000
6,145;521,000
6,155;601,000
6,165;502,000
6,175;446,000
6,185;415,000
6,195;378,000
6,205;340,000
6,215;356,000
6,225;304,000
6,235;272,000
6,245;250,000
6,255;256,000
6,265;198,000
6,275;205,000
6,285;196,000
6,295;170,000
6,305;163,000
6,315;130,000
6,325;129,000
6,335;121,000
6,345;100,000
6,355;87,000
6,365;89,000
6,375;85,000
6,385;71,000
6,395;50,000
6,405;62,000
6,415;49,000
6,425;50,000
6,435;29,000
6,445;32,000
6,455;32,000
6,465;25,000
6,475;17,000
6,485;26,000
6,495;15,000
6,505;15,000
6,515;21,000
6,525;12,000
6,535;16,000
6,545;12,000
6,555;11,000
6,565;10,000
6,575;10,000
6,585;6,000
6,595;4,000
6,605;4,000
6,615;5,000
6,625;4,000
6,635;8,000
6,645;6,000
6,655;6,000
6,665;3,000
6,675;7,000
6,685;2,000
6,695;1,000
6,705;2,000
6,715;6,000
6,725;3,000
6,735;1,000
6,745;4,000
6,755;3,000
6,765;3,000
6,775;3,000
6,785;3,000
6,795;5,000
6,805;6,000
6,815;6,000
6,825;6,000
6,835;2,000
6,845;0,000
6,855;2,000
6,865;4,000
6,875;5,000
6,885;5,000
6,895;3,000
6,905;1,000
6,915;3,000
6,925;8,000
6,935;4,000
6,945;2,000
6,955;4,000
6,965;3,000
6,975;3,000
6,985;1,000
6,995;5,000
7,005;0,000
7,015;2,000
7,025;2,000
7,035;0,000
7,045;1,000
7,055;2,000
7,065;2,000
7,075;2,000
7,085;5,000
7,095;2,000
7,105;3,000
7,115;5,000
7,125;5,000
7,135;4,000
7,145;2,000
7,155;5,000
7,165;5,000
7,175;4,000
7,185;2,000
7,195;2,000
7,205;3,000
7,215;1,000
7,225;2,000
7,235;6,000
7,245;3,000
7,255;5,000
7,265;5,000
7,275;1,000
7,285;7,000
7,295;2,000
7,305;3,000
7,315;3,000
7,325;1,000
7,335;3,000
7,345;2,000
7,355;4,000
7,365;1,000
7,375;3,000
7,385;4,000
7,395;5,000
7,405;0,000
7,415;4,000
7,425;4,000
7,435;0,000
7,445;3,000
7,455;2,000
7,465;3,000
7,475;1,000
7,485;1,000
7,495;1,000
7,505;3,000
7,515;5,000
7,525;1,000
7,535;1,000
7,545;2,000
7,555;3,000
7,565;2,000
7,575;3,000
7,585;2,000
7,595;1,000
7,605;3,000
7,615;2,000
7,625;1,000
7,635;7,000
7,645;4,000
7,655;1,000
7,665;3,000
7,675;1,000
7,685;1,000
7,695;2,000
7,705;8,000
7,715;4,000
7,725;4,000
7,735;2,000
7,745;5,000
7,755;3,000
7,765;1,000
7,775;2,000
7,785;4,000
7,795;2,000
7,805;2,000
7,815;1,000
7,825;6,000
7,835;1,000
7,845;2,000
7,855;3,000
7,865;3,000
7,875;3,000
7,885;2,000
7,895;1,000
7,905;0,000
7,915;5,000
7,925;4,000
7,935;1,000
7,945;4,000
7,955;2,000
7,965;3,000
7,975;3,000
7,985;1,000
7,995;6,000
8,005;2,000
8,015;2,000
8,025;2,000
8,035;3,000
8,045;3,000
8,055;3,000
8,065;1,000
8,075;4,000
8,085;2,000
8,095;4,000
8,105;4,000
8,115;2,000
8,125;5,000
8,135;1,000
8,145;3,000
8,155;3,000
8,165;2,000
8,175;2,000
8,185;2,000
8,195;2,000
8,205;4,000
8,215;2,000
8,225;4,000
8,235;1,000
8,245;1,000
8,255;4,000
8,265;4,000
8,275;0,000
8,285;3,000
8,295;0,000
8,305;4,000
8,315;2,000
8,325;6,000
8,335;1,000
8,345;0,000
8,355;2,000
8,365;1,000
8,375;5,000
8,385;2,000
8,395;1,000
8,405;2,000
8,415;3,000
8,425;3,000
8,435;2,000
8,445;1,000
8,455;4,000
8,465;2,000
8,475;4,000
8,485;2,000
8,495;0,000
8,505;2,000
8,515;1,000
8,525;1,000
8,535;2,000
8,545;1,000
8,555;5,000
8,565;1,000
8,575;2,000
8,585;1,000
8,595;0,000
8,605;1,000
8,615;2,000
8,625;4,000
8,635;2,000
8,645;3,000
8,655;2,000
8,665;0,000
8,675;0,000
8,685;2,000
8,695;1,000
8,705;2,000
8,715;2,000
8,725;0,000
8,735;0,000
8,745;4,000
8,755;3,000
8,765;1,000
8,775;2,000
8,785;1,000
8,795;2,000
8,805;0,000
8,815;2,000
8,825;4,000
8,835;3,000
8,845;1,000
8,855;2,000
8,865;1,000
8,875;0,000
8,885;0,000
8,895;0,000
8,905;2,000
8,915;0,000
8,925;2,000
8,935;2,000
8,945;0,000
8,955;2,000
8,965;4,000
8,975;1,000
8,985;1,000
8,995;1,000
9,005;0,000
9,015;2,000
9,025;3,000
9,035;1,000
9,045;2,000
9,055;1,000
9,065;3,000
9,075;2,000
9,085;2,000
9,095;0,000
9,105;1,000
9,115;1,000
9,125;0,000
9,135;0,000
9,145;2,000
9,155;1,000
9,165;1,000
9,175;2,000
9,185;1,000
9,195;2,000
9,205;1,000
9,215;5,000
9,225;2,000
9,235;2,000
9,245;1,000
9,255;2,000
9,265;4,000
9,275;0,000
9,285;0,000
9,295;2,000
9,305;1,000
9,315;2,000
9,325;1,000
9,335;2,000
9,345;2,000
9,355;1,000
9,365;2,000
9,375;3,000
9,385;1,000
9,395;1,000
9,405;5,000
9,415;1,000
9,425;2,000
9,435;0,000
9,445;2,000
9,455;1,000
9,465;2,000
9,475;0,000
9,485;3,000
9,495;2,000
9,505;2,000
9,515;0,000
9,525;6,000
9,535;0,000
9,545;0,000
9,555;1,000
9,565;1,000
9,575;2,000
9,585;0,000
9,595;1,000
9,605;2,000
9,615;2,000
9,625;2,000
9,635;3,000
9,645;1,000
9,655;2,000
9,665;3,000
9,675;3,000
9,685;1,000
9,695;1,000
9,705;2,000
9,715;0,000
9,725;2,000
9,735;2,000
9,745;3,000
9,755;1,000
9,765;3,000
9,775;2,000
9,785;0,000
9,795;0,000
9,805;1,000
9,815;3,000
9,825;0,000
9,835;2,000
9,845;0,000
9,855;0,000
9,865;1,000
9,875;2,000
9,885;1,000
9,895;0,000
9,905;0,000
9,915;1,000
9,925;3,000
9,935;1,000
9,945;3,000
9,955;3,000
9,965;0,000
9,975;1,000
9,985;2,000
9,995;1,000
10,005;0,000
10,015;3,000
10,025;0,000
10,035;1,000
10,045;1,000
10,055;2,000
10,065;2,000
10,075;1,000
10,085;0,000
10,095;0,000
10,105;1,000
10,115;2,000
10,125;3,000
10,135;1,000
10,145;2,000
10,155;1,000
10,165;1,000
10,175;0,000
10,185;2,000
10,195;0,000
10,205;1,000
10,215;2,000
10,225;3,000
10,235;0,000
10,245;3,000
10,255;1,000
10,265;2,000
10,275;0,000
10,285;2,000
10,295;0,000
10,305;1,000
10,315;2,000
10,325;3,000
10,335;0,000
10,345;1,000
10,355;1,000
10,365;2,000
10,375;2,000
10,385;3,000
10,395;1,000
10,405;1,000
10,415;1,000
10,425;1,000
10,435;0,000
10,445;1,000
10,455;1,000
10,465;2,000
10,475;0,000
10,485;1,000
10,495;2,000
10,505;0,000
10,515;0,000
10,525;2,000
10,535;0,000
10,545;2,000
10,555;0,000
10,565;0,000
10,575;0,000
10,585;3,000
10,595;1,000
10,605;0,000
10,615;3,000
10,625;2,000
10,635;1,000
10,645;0,000
10,655;1,000
10,665;0,000
10,675;0,000
10,685;1,000
10,695;1,000
10,705;2,000
10,715;0,000
10,725;0,000
10,735;2,000
10,745;1,000
10,755;0,000
10,765;1,000
10,775;1,000
10,785;0,000
10,795;0,000
10,805;1,000
10,815;0,000
10,825;0,000
10,835;1,000
10,845;2,000
10,855;0,000
10,865;1,000
10,875;1,000
10,885;0,000
10,895;0,000
10,905;0,000
10,915;1,000
10,925;1,000
10,935;0,000
10,945;0,000
10,955;1,000
10,965;2,000
10,975;0,000
10,985;1,000
10,995;1,000
11,005;1,000
11,015;0,000
11,025;1,000
11,035;1,000
11,045;1,000
11,055;0,000
11,065;3,000
11,075;0,000
11,085;1,000
11,095;0,000
11,105;1,000
11,115;0,000
11,125;0,000
11,135;0,000
11,145;1,000
11,155;1,000
11,165;1,000
11,175;1,000
11,185;0,000
11,195;0,000
11,205;4,000
11,215;0,000
11,225;0,000
11,235;1,000
11,245;1,000
11,255;1,000
11,265;0,000
11,275;1,000
11,285;0,000
11,295;2,000
11,305;2,000
11,315;1,000
11,325;0,000
11,335;1,000
11,345;0,000
11,355;0,000
11,365;0,000
11,375;0,000
11,385;1,000
11,395;2,000
11,405;0,000
11,415;4,000
11,425;0,000
11,435;2,000
11,445;0,000
11,455;0,000
11,465;0,000
11,475;2,000
11,485;2,000
11,495;1,000
11,505;2,000
11,515;2,000
11,525;2,000
11,535;1,000
11,545;4,000
11,555;2,000
11,565;0,000
11,575;0,000
11,585;3,000
11,595;2,000
11,605;2,000
11,615;3,000
11,625;1,000
11,635;2,000
11,645;0,000
11,655;2,000
11,665;0,000
11,675;1,000
11,685;0,000
11,695;4,000
11,705;1,000
11,715;2,000
11,725;2,000
11,735;2,000
11,745;0,000
11,755;3,000
11,765;2,000
11,775;0,000
11,785;2,000
11,795;0,000
11,805;2,000
11,815;2,000
11,825;1,000
11,835;2,000
11,845;2,000
11,855;2,000
11,865;1,000
11,875;2,000
11,885;2,000
11,895;4,000
11,905;1,000
11,915;1,000
11,925;3,000
11,935;2,000
11,945;1,000
11,955;2,000
11,965;1,000
11,975;1,000
11,985;2,000
11,995;1,000
12,005;1,000
12,015;1,000
12,025;3,000
12,035;2,000
12,045;3,000
12,055;3,000
12,065;2,000
12,075;3,000
12,085;0,000
12,095;2,000
12,105;2,000
12,115;0,000
12,125;1,000
12,135;1,000
12,145;1,000
12,155;3,000
12,165;1,000
12,175;2,000
12,185;1,000
12,195;4,000
12,205;1,000
12,215;2,000
12,225;2,000
12,235;3,000
12,245;1,000
12,255;3,000
12,265;4,000
12,275;2,000
12,285;2,000
12,295;6,000
12,305;1,000
12,315;2,000
12,325;2,000
12,335;2,000
12,345;0,000
12,355;3,000
12,365;0,000
12,375;1,000
12,385;2,000
12,395;1,000
12,405;2,000
12,415;0,000
12,425;3,000
12,435;2,000
12,445;3,000
12,455;2,000
12,465;0,000
12,475;2,000
12,485;1,000
12,495;1,000
12,505;2,000
12,515;2,000
12,525;1,000
12,535;3,000
12,545;4,000
12,555;1,000
12,565;0,000
12,575;1,000
12,585;0,000
12,595;4,000
12,605;1,000
12,615;0,000
12,625;0,000
12,635;0,000
12,645;0,000
12,655;0,000
12,665;2,000
12,675;1,000
12,685;3,000
12,695;2,000
12,705;1,000
12,715;0,000
12,725;0,000
12,735;1,000
12,745;1,000
12,755;0,000
12,765;3,000
12,775;1,000
12,785;2,000
12,795;0,000
12,805;0,000
12,815;1,000
12,825;0,000
12,835;0,000
12,845;1,000
12,855;0,000
12,865;1,000
12,875;0,000
12,885;0,000
12,895;0,000
12,905;0,000
12,915;0,000
12,925;0,000
12,935;0,000
12,945;0,000
12,955;1,000
12,965;1,000
12,975;0,000
12,985;0,000
12,995;0,000
13,005;2,000
13,015;0,000
13,025;0,000
13,035;0,000
13,045;0,000
13,055;0,000
13,065;1,000
13,075;1,000
13,085;0,000
13,095;1,000
13,105;0,000
13,115;0,000
13,125;1,000
13,135;2,000
13,145;0,000
13,155;0,000
13,165;0,000
13,175;0,000
13,185;0,000
13,195;0,000
13,205;0,000
13,215;0,000
13,225;0,000
13,235;0,000
13,245;1,000
13,255;0,000
13,265;0,000
13,275;0,000
13,285;0,000
13,295;2,000
13,305;0,000
13,315;0,000
13,325;0,000
13,335;1,000
13,345;0,000
13,355;2,000
13,365;0,000
13,375;0,000
13,385;0,000
13,395;1,000
13,405;0,000
13,415;0,000
13,425;1,000
13,435;0,000
13,445;0,000
13,455;0,000
13,465;0,000
13,475;0,000
13,485;1,000
13,495;0,000
13,505;0,000
13,515;0,000
13,525;1,000
13,535;0,000
13,545;0,000
13,555;0,000
13,565;1,000
13,575;0,000
13,585;0,000
13,595;0,000
13,605;0,000
13,615;0,000
13,625;0,000
13,635;1,000
13,645;0,000
13,655;1,000
13,665;1,000
13,675;0,000
13,685;0,000
13,695;0,000
13,705;0,000
13,715;0,000
13,725;0,000
13,735;0,000
13,745;0,000
13,755;0,000
13,765;0,000
13,775;1,000
13,785;0,000
13,795;0,000
13,805;1,000
13,815;0,000
13,825;0,000
13,835;1,000
13,845;2,000
13,855;0,000
13,865;0,000
13,875;0,000
13,885;1,000
13,895;0,000
13,905;0,000
13,915;0,000
13,925;0,000
13,935;2,000
13,945;0,000
13,955;1,000
13,965;0,000
13,975;0,000
13,985;0,000
13,995;1,000
14,005;0,000
14,015;0,000
14,025;0,000
14,035;0,000
14,045;0,000
14,055;0,000
14,065;1,000
14,075;0,000
14,085;0,000
14,095;2,000
14,105;0,000
14,115;0,000
14,125;0,000
14,135;0,000
14,145;2,000
14,155;0,000
14,165;1,000
14,175;1,000
14,185;0,000
14,195;0,000
14,205;1,000
14,215;2,000
14,225;0,000
14,235;0,000
14,245;0,000
14,255;0,000
14,265;0,000
14,275;0,000
14,285;0,000
14,295;0,000
14,305;0,000
14,315;2,000
14,325;0,000
14,335;0,000
14,345;2,000
14,355;0,000
14,365;0,000
14,375;0,000
14,385;1,000
14,395;1,000
14,405;0,000
14,415;2,000
14,425;0,000
14,435;0,000
14,445;0,000
14,455;0,000
14,465;1,000
14,475;0,000
14,485;0,000
14,495;1,000
14,505;0,000
14,515;0,000
14,525;0,000
14,535;1,000
14,545;0,000
14,555;0,000
14,565;0,000
14,575;0,000
14,585;1,000
14,595;0,000
14,605;0,000
14,615;0,000
14,625;0,000
14,635;0,000
14,645;1,000
14,655;1,000
14,665;0,000
14,675;2,000
14,685;0,000
14,695;0,000
14,705;0,000
14,715;0,000
14,725;0,000
14,735;0,000
14,745;0,000
14,755;0,000
14,765;0,000
14,775;0,000
14,785;1,000
14,795;0,000
14,805;1,000
14,815;0,000
14,825;1,000
14,835;0,000
14,845;0,000
14,855;1,000
14,865;1,000
14,875;0,000
14,885;1,000
14,895;0,000
14,905;0,000
14,915;1,000
14,925;0,000
14,935;0,000
14,945;0,000
14,955;0,000
14,965;0,000
14,975;0,000
14,985;1,000
14,995;0,000
15,005;0,000
15,015;0,000
15,025;0,000
15,035;0,000
15,045;0,000
15,055;0,000
15,065;0,000
15,075;0,000
15,085;1,000
15,095;0,000
15,105;0,000
15,115;0,000
15,125;0,000
15,135;0,000
15,145;0,000
15,155;1,000
15,165;0,000
15,175;0,000
15,185;0,000
15,195;1,000
15,205;0,000
15,215;0,000
15,225;0,000
15,235;0,000
15,245;0,000
15,255;1,000
15,265;0,000
15,275;0,000
15,285;0,000
15,295;0,000
15,305;2,000
15,315;0,000
15,325;0,000
15,335;1,000
15,345;0,000
15,355;1,000
15,365;0,000
15,375;0,000
15,385;1,000
15,395;2,000
15,405;1,000
15,415;1,000
15,425;0,000
15,435;0,000
15,445;0,000
15,455;1,000
15,465;0,000
15,475;0,000
15,485;1,000
15,495;0,000
15,505;0,000
15,515;0,000
15,525;0,000
15,535;0,000
15,545;0,000
15,555;1,000
15,565;1,000
15,575;0,000
15,585;0,000
15,595;2,000
15,605;0,000
15,615;0,000
15,625;0,000
15,635;3,000
15,645;0,000
15,655;3,000
15,665;0,000
15,675;0,000
15,685;2,000
15,695;1,000
15,705;0,000
15,715;0,000
15,725;0,000
15,735;2,000
15,745;0,000
15,755;1,000
15,765;1,000
15,775;0,000
15,785;0,000
15,795;0,000
15,805;0,000
15,815;2,000
15,825;1,000
15,835;0,000
15,845;0,000
15,855;2,000
15,865;1,000
15,875;0,000
15,885;0,000
15,895;2,000
15,905;1,000
15,915;0,000
15,925;0,000
15,935;1,000
15,945;0,000
15,955;0,000
15,965;1,000
15,975;0,000
15,985;0,000
15,995;0,000
16,005;1,000
16,015;0,000
16,025;0,000
16,035;0,000
16,045;0,000
16,055;0,000
16,065;0,000
16,075;0,000
16,085;0,000
16,095;0,000
16,105;1,000
16,115;1,000
16,125;1,000
16,135;0,000
16,145;1,000
16,155;0,000
16,165;0,000
16,175;0,000
16,185;0,000
16,195;0,000
16,205;0,000
16,215;0,000
16,225;0,000
16,235;0,000
16,245;0,000
16,255;0,000
16,265;0,000
16,275;0,000
16,285;0,000
16,295;0,000
16,305;0,000
16,315;0,000
16,325;0,000
16,335;0,000
16,345;0,000
16,355;1,000
16,365;0,000
16,375;0,000
16,385;1,000
16,395;0,000
16,405;0,000
16,415;0,000
16,425;0,000
16,435;0,000
16,445;0,000
16,455;0,000
16,465;3,000
16,475;0,000
16,485;0,000
16,495;0,000
16,505;0,000
16,515;1,000
16,525;0,000
16,535;0,000
16,545;0,000
16,555;0,000
16,565;0,000
16,575;0,000
16,585;0,000
16,595;0,000
16,605;0,000
16,615;1,000
16,625;0,000
16,635;0,000
16,645;0,000
16,655;1,000
16,665;0,000
16,675;0,000
16,685;0,000
16,695;0,000
16,705;0,000
16,715;0,000
16,725;1,000
16,735;0,000
16,745;1,000
16,755;1,000
16,765;0,000
16,775;1,000
16,785;1,000
16,795;0,000
16,805;0,000
16,815;0,000
16,825;1,000
16,835;1,000
16,845;0,000
16,855;1,000
16,865;2,000
16,875;1,000
16,885;1,000
16,895;0,000
16,905;0,000
16,915;0,000
16,925;2,000
16,935;0,000
16,945;1,000
16,955;0,000
16,965;0,000
16,975;0,000
16,985;0,000
16,995;2,000
17,005;3,000
17,015;0,000
17,025;0,000
17,035;0,000
17,045;0,000
17,055;1,000
17,065;2,000
17,075;0,000
17,085;0,000
17,095;0,000
17,105;1,000
17,115;0,000
17,125;0,000
17,135;0,000
17,145;0,000
17,155;0,000
17,165;1,000
17,175;0,000
17,185;0,000
17,195;0,000
17,205;1,000
17,215;0,000
17,225;0,000
17,235;0,000
17,245;0,000
17,255;0,000
17,265;0,000
17,275;0,000
17,285;2,000
17,295;0,000
17,305;0,000
17,315;0,000
17,325;0,000
17,335;0,000
17,345;0,000
17,355;0,000
17,365;0,000
17,375;0,000
17,385;0,000
17,395;0,000
17,405;0,000
17,415;0,000
17,425;0,000
17,435;0,000
17,445;0,000
17,455;0,000
17,465;0,000
17,475;0,000
17,485;0,000
17,495;0,000
17,505;0,000
17,515;0,000
17,525;0,000
17,535;0,000
17,545;0,000
17,555;0,000
17,565;0,000
17,575;0,000
17,585;0,000
17,595;0,000
17,605;0,000
17,615;0,000
17,625;0,000
17,635;0,000
17,645;0,000
17,655;0,000
17,665;0,000
17,675;0,000
17,685;0,000
17,695;0,000
17,705;0,000
17,715;0,000
17,725;0,000
17,735;0,000
17,745;0,000
17,755;0,000
17,765;0,000
17,775;0,000
17,785;0,000
17,795;0,000
17,805;0,000
17,815;0,000
17,825;0,000
17,835;0,000
17,845;0,000
17,855;0,000
17,865;0,000
17,875;0,000
17,885;0,000
17,895;0,000
17,905;0,000
17,915;0,000
17,925;0,000
17,935;0,000
17,945;0,000
17,955;0,000
17,965;0,000
17,975;0,000
17,985;0,000
17,995;0,000
18,005;0,000
18,015;0,000
18,025;0,000
18,035;0,000
18,045;0,000
18,055;0,000
18,065;0,000
18,075;0,000
18,085;0,000
18,095;1,000
18,105;0,000
18,115;0,000
18,125;0,000
18,135;0,000
18,145;0,000
18,155;0,000
18,165;0,000
18,175;0,000
18,185;0,000
18,195;0,000
18,205;0,000
18,215;0,000
18,225;0,000
18,235;0,000
18,245;0,000
18,255;0,000
18,265;0,000
18,275;1,000
18,285;0,000
18,295;0,000
18,305;0,000
18,315;0,000
18,325;0,000
18,335;0,000
18,345;0,000
18,355;0,000
18,365;0,000
18,375;0,000
18,385;0,000
18,395;0,000
18,405;0,000
18,415;0,000
18,425;0,000
18,435;0,000
18,445;0,000
18,455;0,000
18,465;0,000
18,475;0,000
18,485;0,000
18,495;0,000
18,505;1,000
18,515;0,000
18,525;0,000
18,535;0,000
18,545;0,000
18,555;0,000
18,565;0,000
18,575;0,000
18,585;0,000
18,595;0,000
18,605;0,000
18,615;0,000
18,625;0,000
18,635;0,000
18,645;0,000
18,655;0,000
18,665;0,000
18,675;0,000
18,685;0,000
18,695;0,000
18,705;0,000
18,715;0,000
18,725;0,000
18,735;0,000
18,745;0,000
18,755;0,000
18,765;0,000
18,775;0,000
18,785;0,000
18,795;0,000
18,805;0,000
18,815;0,000
18,825;0,000
18,835;0,000
18,845;0,000
18,855;0,000
18,865;0,000
18,875;0,000
18,885;0,000
18,895;0,000
18,905;0,000
18,915;0,000
18,925;1,000
18,935;0,000
18,945;0,000
18,955;0,000
18,965;0,000
18,975;0,000
18,985;0,000
18,995;0,000
19,005;0,000
19,015;0,000
19,025;0,000
19,035;0,000
19,045;0,000
19,055;0,000
19,065;0,000
19,075;0,000
19,085;0,000
19,095;0,000
19,105;0,000
19,115;0,000
19,125;0,000
19,135;0,000
19,145;0,000
19,155;0,000
19,165;0,000
19,175;0,000
19,185;0,000
19,195;0,000
19,205;0,000
19,215;0,000
19,225;0,000
19,235;0,000
19,245;0,000
19,255;0,000
19,265;0,000
19,275;0,000
19,285;0,000
19,295;0,000
19,305;0,000
19,315;0,000
19,325;0,000
19,335;0,000
19,345;0,000
19,355;0,000
19,365;0,000
19,375;0,000
19,385;0,000
19,395;0,000
19,405;0,000
19,415;0,000
19,425;0,000
19,435;0,000
19,445;0,000
19,455;0,000
19,465;0,000
19,475;0,000
19,485;0,000
19,495;0,000
19,505;0,000
19,515;0,000
19,525;0,000
19,535;0,000
19,545;0,000
19,555;0,000
19,565;0,000
19,575;0,000
19,585;0,000
19,595;0,000
19,605;0,000
19,615;0,000
19,625;1,000
19,635;0,000
19,645;0,000
19,655;0,000
19,665;0,000
19,675;0,000
19,685;0,000
19,695;0,000
19,705;0,000
19,715;0,000
19,725;0,000
19,735;0,000
19,745;0,000
19,755;0,000
19,765;0,000
19,775;0,000
19,785;0,000
19,795;0,000
19,805;0,000
19,815;0,000
19,825;0,000
19,835;0,000
19,845;0,000
19,855;0,000
19,865;0,000
19,875;0,000
19,885;0,000
19,895;0,000
19,905;0,000
19,915;0,000
19,925;35,000
19,935;0,000
19,945;0,000
19,955;0,000
19,965;0,000
19,975;0,000
19,985;0,000
19,995;8,000
