0,005;0,000
0,015;0,000
0,025;0,000
0,035;0,000
0,045;0,000
0,055;0,000
0,065;0,000
0,075;0,000
0,085;0,000
0,095;0,000
0,105;0,000
0,115;0,000
0,125;0,000
0,135;0,000
0,145;0,000
0,155;0,000
0,165;0,000
0,175;0,000
0,185;0,000
0,195;0,000
0,205;0,000
0,215;0,000
0,225;0,000
0,235;0,000
0,245;0,000
0,255;0,000
0,265;0,000
0,275;0,000
0,285;0,000
0,295;0,000
0,305;0,000
0,315;0,000
0,325;0,000
0,335;0,000
0,345;0,000
0,355;0,000
0,365;0,000
0,375;0,000
0,385;0,000
0,395;0,000
0,405;0,000
0,415;0,000
0,425;0,000
0,435;0,000
0,445;0,000
0,455;0,000
0,465;0,000
0,475;0,000
0,485;0,000
0,495;0,000
0,505;0,000
0,515;0,000
0,525;0,000
0,535;0,000
0,545;0,000
0,555;0,000
0,565;0,000
0,575;0,000
0,585;0,000
0,595;0,000
0,605;0,000
0,615;0,000
0,625;0,000
0,635;0,000
0,645;0,000
0,655;0,000
0,665;0,000
0,675;0,000
0,685;0,000
0,695;0,000
0,705;0,000
0,715;0,000
0,725;0,000
0,735;0,000
0,745;0,000
0,755;0,000
0,765;0,000
0,775;0,000
0,785;0,000
0,795;0,000
0,805;0,000
0,815;0,000
0,825;0,000
0,835;0,000
0,845;0,000
0,855;0,000
0,865;0,000
0,875;0,000
0,885;0,000
0,895;0,000
0,905;0,000
0,915;0,000
0,925;0,000
0,935;0,000
0,945;0,000
0,955;0,000
0,965;0,000
0,975;0,000
0,985;0,000
0,995;0,000
1,005;0,000
1,015;0,000
1,025;0,000
1,035;0,000
1,045;0,000
1,055;0,000
1,065;0,000
1,075;0,000
1,085;0,000
1,095;0,000
1,105;0,000
1,115;0,000
1,125;0,000
1,135;0,000
1,145;0,000
1,155;0,000
1,165;0,000
1,175;0,000
1,185;0,000
1,195;0,000
1,205;0,000
1,215;0,000
1,225;0,000
1,235;0,000
1,245;0,000
1,255;0,000
1,265;0,000
1,275;0,000
1,285;0,000
1,295;0,000
1,305;0,000
1,315;0,000
1,325;0,000
1,335;0,000
1,345;0,000
1,355;0,000
1,365;0,000
1,375;0,000
1,385;0,000
1,395;0,000
1,405;0,000
1,415;0,000
1,425;0,000
1,435;0,000
1,445;0,000
1,455;0,000
1,465;1,000
1,475;9,000
1,485;36,000
1,495;61,000
1,505;90,000
1,515;90,000
1,525;87,000
1,535;108,000
1,545;122,000
1,555;88,000
1,565;95,000
1,575;113,000
1,585;105,000
1,595;96,000
1,605;98,000
1,615;94,000
1,625;97,000
1,635;76,000
1,645;75,000
1,655;104,000
1,665;90,000
1,675;85,000
1,685;87,000
1,695;94,000
1,705;78,000
1,715;103,000
1,725;90,000
1,735;94,000
1,745;102,000
1,755;93,000
1,765;77,000
1,775;109,000
1,785;101,000
1,795;90,000
1,805;85,000
1,815;88,000
1,825;89,000
1,835;85,000
1,845;95,000
1,855;121,000
1,865;92,000
1,875;87,000
1,885;96,000
1,895;110,000
1,905;88,000
1,915;83,000
1,925;88,000
1,935;92,000
1,945;91,000
1,955;88,000
1,965;102,000
1,975;92,000
1,985;92,000
1,995;95,000
2,005;98,000
2,015;90,000
2,025;99,000
2,035;94,000
2,045;91,000
2,055;93,000
2,065;92,000
2,075;72,000
2,085;113,000
2,095;90,000
2,105;77,000
2,115;90,000
2,125;90,000
2,135;85,000
2,145;76,000
2,155;75,000
2,165;72,000
2,175;82,000
2,185;72,000
2,195;83,000
2,205;86,000
2,215;83,000
2,225;89,000
2,235;61,000
2,245;68,000
2,255;80,000
2,265;73,000
2,275;79,000
2,285;72,000
2,295;89,000
2,305;85,000
2,315;84,000
2,325;82,000
2,335;88,000
2,345;69,000
2,355;74,000
2,365;79,000
2,375;61,000
2,385;57,000
2,395;92,000
2,405;58,000
2,415;53,000
2,425;55,000
2,435;71,000
2,445;83,000
2,455;73,000
2,465;74,000
2,475;83,000
2,485;81,000
2,495;89,000
2,505;80,000
2,515;66,000
2,525;86,000
2,535;61,000
2,545;65,000
2,555;73,000
2,565;64,000
2,575;62,000
2,585;81,000
2,595;69,000
2,605;81,000
2,615;71,000
2,625;69,000
2,635;61,000
2,645;62,000
2,655;78,000
2,665;56,000
2,675;68,000
2,685;62,000
2,695;84,000
2,705;54,000
2,715;59,000
2,725;64,000
2,735;62,000
2,745;59,000
2,755;77,000
2,765;64,000
2,775;75,000
2,785;54,000
2,795;48,000
2,805;71,000
2,815;71,000
2,825;79,000
2,835;53,000
2,845;64,000
2,855;53,000
2,865;65,000
2,875;55,000
2,885;47,000
2,895;46,000
2,905;59,000
2,915;60,000
2,925;62,000
2,935;50,000
2,945;53,000
2,955;59,000
2,965;60,000
2,975;52,000
2,985;47,000
2,995;55,000
3,005;54,000
3,015;58,000
3,025;58,000
3,035;58,000
3,045;42,000
3,055;48,000
3,065;49,000
3,075;51,000
3,085;51,000
3,095;55,000
3,105;40,000
3,115;71,000
3,125;56,000
3,135;48,000
3,145;55,000
3,155;62,000
3,165;53,000
3,175;69,000
3,185;60,000
3,195;56,000
3,205;54,000
3,215;48,000
3,225;46,000
3,235;67,000
3,245;53,000
3,255;48,000
3,265;63,000
3,275;56,000
3,285;59,000
3,295;62,000
3,305;61,000
3,315;56,000
3,325;55,000
3,335;60,000
3,345;53,000
3,355;62,000
3,365;48,000
3,375;45,000
3,385;53,000
3,395;57,000
3,405;59,000
3,415;49,000
3,425;41,000
3,435;50,000
3,445;63,000
3,455;43,000
3,465;54,000
3,475;56,000
3,485;48,000
3,495;61,000
3,505;58,000
3,515;55,000
3,525;53,000
3,535;60,000
3,545;51,000
3,555;50,000
3,565;43,000
3,575;47,000
3,585;54,000
3,595;41,000
3,605;74,000
3,615;40,000
3,625;48,000
3,635;60,000
3,645;53,000
3,655;57,000
3,665;55,000
3,675;41,000
3,685;49,000
3,695;54,000
3,705;58,000
3,715;44,000
3,725;67,000
3,735;58,000
3,745;48,000
3,755;49,000
3,765;61,000
3,775;46,000
3,785;43,000
3,795;54,000
3,805;42,000
3,815;41,000
3,825;55,000
3,835;53,000
3,845;52,000
3,855;44,000
3,865;48,000
3,875;48,000
3,885;54,000
3,895;46,000
3,905;57,000
3,915;59,000
3,925;50,000
3,935;56,000
3,945;47,000
3,955;49,000
3,965;55,000
3,975;45,000
3,985;55,000
3,995;57,000
4,005;44,000
4,015;62,000
4,025;49,000
4,035;62,000
4,045;49,000
4,055;55,000
4,065;50,000
4,075;37,000
4,085;45,000
4,095;50,000
4,105;40,000
4,115;44,000
4,125;35,000
4,135;52,000
4,145;41,000
4,155;51,000
4,165;37,000
4,175;51,000
4,185;42,000
4,195;45,000
4,205;38,000
4,215;30,000
4,225;37,000
4,235;40,000
4,245;32,000
4,255;36,000
4,265;29,000
4,275;36,000
4,285;43,000
4,295;38,000
4,305;34,000
4,315;31,000
4,325;26,000
4,335;40,000
4,345;29,000
4,355;40,000
4,365;38,000
4,375;27,000
4,385;43,000
4,395;29,000
4,405;35,000
4,415;31,000
4,425;24,000
4,435;45,000
4,445;34,000
4,455;24,000
4,465;40,000
4,475;24,000
4,485;30,000
4,495;34,000
4,505;26,000
4,515;29,000
4,525;38,000
4,535;20,000
4,545;28,000
4,555;31,000
4,565;26,000
4,575;38,000
4,585;20,000
4,595;35,000
4,605;33,000
4,615;32,000
4,625;35,000
4,635;31,000
4,645;24,000
4,655;29,000
4,665;31,000
4,675;20,000
4,685;24,000
4,695;35,000
4,705;41,000
4,715;18,000
4,725;22,000
4,735;21,000
4,745;26,000
4,755;37,000
4,765;24,000
4,775;24,000
4,785;20,000
4,795;25,000
4,805;25,000
4,815;45,000
4,825;30,000
4,835;20,000
4,845;26,000
4,855;19,000
4,865;27,000
4,875;21,000
4,885;29,000
4,895;21,000
4,905;29,000
4,915;28,000
4,925;25,000
4,935;27,000
4,945;21,000
4,955;33,000
4,965;28,000
4,975;30,000
4,985;31,000
4,995;39,000
5,005;36,000
5,015;22,000
5,025;29,000
5,035;25,000
5,045;20,000
5,055;22,000
5,065;30,000
5,075;26,000
5,085;30,000
5,095;26,000
5,105;28,000
5,115;30,000
5,125;24,000
5,135;27,000
5,145;22,000
5,155;30,000
5,165;32,000
5,175;25,000
5,185;34,000
5,195;25,000
5,205;25,000
5,215;32,000
5,225;32,000
5,235;33,000
5,245;37,000
5,255;35,000
5,265;26,000
5,275;37,000
5,285;42,000
5,295;34,000
5,305;51,000
5,315;42,000
5,325;48,000
5,335;41,000
5,345;49,000
5,355;46,000
5,365;48,000
5,375;49,000
5,385;32,000
5,395;51,000
5,405;53,000
5,415;49,000
5,425;76,000
5,435;66,000
5,445;69,000
5,455;88,000
5,465;87,000
5,475;89,000
5,485;84,000
5,495;110,000
5,505;87,000
5,515;96,000
5,525;117,000
5,535;139,000
5,545;144,000
5,555;148,000
5,565;150,000
5,575;156,000
5,585;151,000
5,595;173,000
5,605;193,000
5,615;178,000
5,625;194,000
5,635;185,000
5,645;218,000
5,655;206,000
5,665;241,000
5,675;252,000
5,685;258,000
5,695;252,000
5,705;267,000
5,715;277,000
5,725;263,000
5,735;272,000
5,745;257,000
5,755;271,000
5,765;307,000
5,775;278,000
5,785;267,000
5,795;278,000
5,805;303,000
5,815;263,000
5,825;273,000
5,835;256,000
5,845;277,000
5,855;288,000
5,865;291,000
5,875;244,000
5,885;266,000
5,895;280,000
5,905;231,000
5,915;187,000
5,925;231,000
5,935;202,000
5,945;166,000
5,955;179,000
5,965;170,000
5,975;195,000
5,985;183,000
5,995;162,000
6,005;122,000
6,015;136,000
6,025;134,000
6,035;124,000
6,045;120,000
6,055;82,000
6,065;112,000
6,075;90,000
6,085;84,000
6,095;81,000
6,105;63,000
6,115;84,000
6,125;63,000
6,135;52,000
6,145;53,000
6,155;47,000
6,165;42,000
6,175;37,000
6,185;39,000
6,195;35,000
6,205;25,000
6,215;35,000
6,225;20,000
6,235;24,000
6,245;18,000
6,255;16,000
6,265;18,000
6,275;8,000
6,285;17,000
6,295;8,000
6,305;5,000
6,315;11,000
6,325;8,000
6,335;10,000
6,345;7,000
6,355;12,000
6,365;6,000
6,375;8,000
6,385;6,000
6,395;4,000
6,405;8,000
6,415;4,000
6,425;11,000
6,435;5,000
6,445;6,000
6,455;5,000
6,465;6,000
6,475;7,000
6,485;3,000
6,495;4,000
6,505;5,000
6,515;5,000
6,525;3,000
6,535;6,000
6,545;5,000
6,555;3,000
6,565;4,000
6,575;1,000
6,585;8,000
6,595;7,000
6,605;5,000
6,615;3,000
6,625;5,000
6,635;7,000
6,645;4,000
6,655;3,000
6,665;5,000
6,675;5,000
6,685;2,000
6,695;2,000
6,705;4,000
6,715;6,000
6,725;3,000
6,735;4,000
6,745;7,000
6,755;8,000
6,765;2,000
6,775;3,000
6,785;5,000
6,795;5,000
6,805;4,000
6,815;3,000
6,825;4,000
6,835;5,000
6,845;3,000
6,855;3,000
6,865;5,000
6,875;8,000
6,885;4,000
6,895;4,000
6,905;3,000
6,915;5,000
6,925;7,000
6,935;5,000
6,945;6,000
6,955;6,000
6,965;5,000
6,975;3,000
6,985;3,000
6,995;1,000
7,005;3,000
7,015;4,000
7,025;5,000
7,035;4,000
7,045;4,000
7,055;2,000
7,065;4,000
7,075;3,000
7,085;4,000
7,095;2,000
7,105;6,000
7,115;8,000
7,125;2,000
7,135;1,000
7,145;4,000
7,155;3,000
7,165;2,000
7,175;6,000
7,185;3,000
7,195;1,000
7,205;9,000
7,215;1,000
7,225;3,000
7,235;2,000
7,245;3,000
7,255;5,000
7,265;4,000
7,275;4,000
7,285;3,000
7,295;7,000
7,305;3,000
7,315;2,000
7,325;2,000
7,335;6,000
7,345;2,000
7,355;2,000
7,365;1,000
7,375;5,000
7,385;5,000
7,395;6,000
7,405;1,000
7,415;2,000
7,425;4,000
7,435;7,000
7,445;4,000
7,455;2,000
7,465;5,000
7,475;5,000
7,485;7,000
7,495;4,000
7,505;6,000
7,515;6,000
7,525;3,000
7,535;5,000
7,545;4,000
7,555;4,000
7,565;2,000
7,575;5,000
7,585;2,000
7,595;4,000
7,605;6,000
7,615;7,000
7,625;2,000
7,635;8,000
7,645;6,000
7,655;1,000
7,665;6,000
7,675;4,000
7,685;5,000
7,695;4,000
7,705;5,000
7,715;3,000
7,725;3,000
7,735;7,000
7,745;4,000
7,755;3,000
7,765;9,000
7,775;5,000
7,785;1,000
7,795;5,000
7,805;4,000
7,815;5,000
7,825;2,000
7,835;2,000
7,845;2,000
7,855;3,000
7,865;3,000
7,875;4,000
7,885;3,000
7,895;4,000
7,905;5,000
7,915;3,000
7,925;5,000
7,935;6,000
7,945;0,000
7,955;4,000
7,965;5,000
7,975;3,000
7,985;4,000
7,995;4,000
8,005;6,000
8,015;3,000
8,025;3,000
8,035;4,000
8,045;4,000
8,055;6,000
8,065;0,000
8,075;2,000
8,085;2,000
8,095;4,000
8,105;5,000
8,115;0,000
8,125;1,000
8,135;5,000
8,145;1,000
8,155;6,000
8,165;1,000
8,175;5,000
8,185;2,000
8,195;6,000
8,205;6,000
8,215;4,000
8,225;6,000
8,235;3,000
8,245;3,000
8,255;5,000
8,265;4,000
8,275;7,000
8,285;4,000
8,295;4,000
8,305;5,000
8,315;2,000
8,325;5,000
8,335;5,000
8,345;4,000
8,355;4,000
8,365;5,000
8,375;3,000
8,385;2,000
8,395;2,000
8,405;1,000
8,415;2,000
8,425;4,000
8,435;4,000
8,445;3,000
8,455;3,000
8,465;2,000
8,475;2,000
8,485;1,000
8,495;3,000
8,505;4,000
8,515;2,000
8,525;3,000
8,535;4,000
8,545;1,000
8,555;2,000
8,565;6,000
8,575;6,000
8,585;2,000
8,595;2,000
8,605;6,000
8,615;1,000
8,625;1,000
8,635;3,000
8,645;2,000
8,655;2,000
8,665;0,000
8,675;5,000
8,685;1,000
8,695;5,000
8,705;4,000
8,715;5,000
8,725;2,000
8,735;5,000
8,745;4,000
8,755;4,000
8,765;4,000
8,775;5,000
8,785;0,000
8,795;3,000
8,805;4,000
8,815;5,000
8,825;4,000
8,835;1,000
8,845;7,000
8,855;4,000
8,865;7,000
8,875;1,000
8,885;2,000
8,895;2,000
8,905;3,000
8,915;4,000
8,925;7,000
8,935;3,000
8,945;2,000
8,955;4,000
8,965;2,000
8,975;4,000
8,985;2,000
8,995;3,000
9,005;3,000
9,015;2,000
9,025;4,000
9,035;3,000
9,045;1,000
9,055;0,000
9,065;3,000
9,075;4,000
9,085;3,000
9,095;4,000
9,105;4,000
9,115;0,000
9,125;2,000
9,135;2,000
9,145;3,000
9,155;5,000
9,165;3,000
9,175;4,000
9,185;5,000
9,195;3,000
9,205;0,000
9,215;6,000
9,225;6,000
9,235;7,000
9,245;3,000
9,255;2,000
9,265;3,000
9,275;4,000
9,285;2,000
9,295;1,000
9,305;4,000
9,315;4,000
9,325;1,000
9,335;4,000
9,345;0,000
9,355;1,000
9,365;4,000
9,375;2,000
9,385;1,000
9,395;5,000
9,405;3,000
9,415;6,000
9,425;6,000
9,435;5,000
9,445;3,000
9,455;2,000
9,465;3,000
9,475;4,000
9,485;4,000
9,495;4,000
9,505;4,000
9,515;5,000
9,525;3,000
9,535;4,000
9,545;2,000
9,555;7,000
9,565;6,000
9,575;2,000
9,585;2,000
9,595;3,000
9,605;3,000
9,615;3,000
9,625;2,000
9,635;5,000
9,645;5,000
9,655;2,000
9,665;7,000
9,675;2,000
9,685;1,000
9,695;1,000
9,705;1,000
9,715;1,000
9,725;0,000
9,735;2,000
9,745;4,000
9,755;2,000
9,765;5,000
9,775;4,000
9,785;2,000
9,795;0,000
9,805;3,000
9,815;2,000
9,825;3,000
9,835;4,000
9,845;8,000
9,855;0,000
9,865;2,000
9,875;2,000
9,885;4,000
9,895;6,000
9,905;1,000
9,915;4,000
9,925;4,000
9,935;1,000
9,945;2,000
9,955;3,000
9,965;5,000
9,975;1,000
9,985;1,000
9,995;2,000
10,005;2,000
10,015;2,000
10,025;0,000
10,035;1,000
10,045;1,000
10,055;2,000
10,065;0,000
10,075;2,000
10,085;2,000
10,095;2,000
10,105;1,000
10,115;0,000
10,125;2,000
10,135;0,000
10,145;1,000
10,155;0,000
10,165;1,000
10,175;3,000
10,185;3,000
10,195;3,000
10,205;1,000
10,215;1,000
10,225;6,000
10,235;0,000
10,245;1,000
10,255;0,000
10,265;1,000
10,275;1,000
10,285;1,000
10,295;1,000
10,305;5,000
10,315;0,000
10,325;1,000
10,335;2,000
10,345;3,000
10,355;3,000
10,365;1,000
10,375;1,000
10,385;1,000
10,395;0,000
10,405;0,000
10,415;0,000
10,425;1,000
10,435;1,000
10,445;1,000
10,455;1,000
10,465;0,000
10,475;3,000
10,485;1,000
10,495;0,000
10,505;2,000
10,515;0,000
10,525;1,000
10,535;1,000
10,545;1,000
10,555;0,000
10,565;0,000
10,575;2,000
10,585;1,000
10,595;2,000
10,605;0,000
10,615;1,000
10,625;3,000
10,635;5,000
10,645;0,000
10,655;0,000
10,665;1,000
10,675;1,000
10,685;1,000
10,695;1,000
10,705;3,000
10,715;0,000
10,725;2,000
10,735;1,000
10,745;3,000
10,755;5,000
10,765;2,000
10,775;0,000
10,785;2,000
10,795;1,000
10,805;1,000
10,815;1,000
10,825;2,000
10,835;3,000
10,845;0,000
10,855;3,000
10,865;1,000
10,875;1,000
10,885;1,000
10,895;2,000
10,905;3,000
10,915;1,000
10,925;1,000
10,935;2,000
10,945;2,000
10,955;0,000
10,965;0,000
10,975;2,000
10,985;3,000
10,995;1,000
11,005;0,000
11,015;3,000
11,025;1,000
11,035;0,000
11,045;2,000
11,055;1,000
11,065;0,000
11,075;0,000
11,085;2,000
11,095;3,000
11,105;1,000
11,115;1,000
11,125;3,000
11,135;2,000
11,145;1,000
11,155;1,000
11,165;0,000
11,175;1,000
11,185;1,000
11,195;0,000
11,205;1,000
11,215;0,000
11,225;1,000
11,235;1,000
11,245;3,000
11,255;2,000
11,265;1,000
11,275;1,000
11,285;3,000
11,295;1,000
11,305;1,000
11,315;2,000
11,325;1,000
11,335;5,000
11,345;1,000
11,355;1,000
11,365;2,000
11,375;2,000
11,385;3,000
11,395;1,000
11,405;5,000
11,415;2,000
11,425;3,000
11,435;3,000
11,445;3,000
11,455;0,000
11,465;2,000
11,475;3,000
11,485;1,000
11,495;2,000
11,505;3,000
11,515;2,000
11,525;2,000
11,535;3,000
11,545;6,000
11,555;4,000
11,565;2,000
11,575;4,000
11,585;7,000
11,595;3,000
11,605;1,000
11,615;2,000
11,625;6,000
11,635;3,000
11,645;7,000
11,655;2,000
11,665;1,000
11,675;8,000
11,685;3,000
11,695;6,000
11,705;2,000
11,715;6,000
11,725;3,000
11,735;6,000
11,745;4,000
11,755;8,000
11,765;5,000
11,775;8,000
11,785;4,000
11,795;10,000
11,805;5,000
11,815;7,000
11,825;5,000
11,835;2,000
11,845;6,000
11,855;4,000
11,865;7,000
11,875;4,000
11,885;4,000
11,895;4,000
11,905;4,000
11,915;4,000
11,925;7,000
11,935;2,000
11,945;6,000
11,955;6,000
11,965;4,000
11,975;4,000
11,985;4,000
11,995;4,000
12,005;4,000
12,015;6,000
12,025;7,000
12,035;2,000
12,045;3,000
12,055;3,000
12,065;3,000
12,075;5,000
12,085;3,000
12,095;5,000
12,105;7,000
12,115;4,000
12,125;5,000
12,135;6,000
12,145;2,000
12,155;3,000
12,165;1,000
12,175;2,000
12,185;6,000
12,195;2,000
12,205;6,000
12,215;4,000
12,225;3,000
12,235;1,000
12,245;7,000
12,255;6,000
12,265;2,000
12,275;4,000
12,285;2,000
12,295;3,000
12,305;4,000
12,315;2,000
12,325;2,000
12,335;1,000
12,345;2,000
12,355;0,000
12,365;0,000
12,375;3,000
12,385;1,000
12,395;1,000
12,405;2,000
12,415;0,000
12,425;1,000
12,435;2,000
12,445;1,000
12,455;6,000
12,465;2,000
12,475;3,000
12,485;1,000
12,495;0,000
12,505;1,000
12,515;3,000
12,525;1,000
12,535;1,000
12,545;0,000
12,555;2,000
12,565;1,000
12,575;3,000
12,585;2,000
12,595;1,000
12,605;3,000
12,615;1,000
12,625;1,000
12,635;2,000
12,645;2,000
12,655;1,000
12,665;0,000
12,675;0,000
12,685;1,000
12,695;1,000
12,705;1,000
12,715;3,000
12,725;2,000
12,735;0,000
12,745;0,000
12,755;1,000
12,765;2,000
12,775;1,000
12,785;1,000
12,795;1,000
12,805;0,000
12,815;0,000
12,825;1,000
12,835;0,000
12,845;1,000
12,855;0,000
12,865;0,000
12,875;0,000
12,885;0,000
12,895;1,000
12,905;0,000
12,915;1,000
12,925;0,000
12,935;1,000
12,945;0,000
12,955;2,000
12,965;2,000
12,975;1,000
12,985;2,000
12,995;1,000
13,005;0,000
13,015;1,000
13,025;2,000
13,035;0,000
13,045;0,000
13,055;1,000
13,065;0,000
13,075;2,000
13,085;0,000
13,095;0,000
13,105;0,000
13,115;0,000
13,125;1,000
13,135;0,000
13,145;1,000
13,155;0,000
13,165;0,000
13,175;2,000
13,185;1,000
13,195;0,000
13,205;0,000
13,215;0,000
13,225;0,000
13,235;1,000
13,245;1,000
13,255;1,000
13,265;0,000
13,275;1,000
13,285;2,000
13,295;1,000
13,305;0,000
13,315;0,000
13,325;0,000
13,335;1,000
13,345;1,000
13,355;0,000
13,365;0,000
13,375;0,000
13,385;0,000
13,395;2,000
13,405;0,000
13,415;3,000
13,425;1,000
13,435;1,000
13,445;1,000
13,455;0,000
13,465;1,000
13,475;1,000
13,485;0,000
13,495;1,000
13,505;0,000
13,515;1,000
13,525;0,000
13,535;0,000
13,545;2,000
13,555;1,000
13,565;1,000
13,575;0,000
13,585;1,000
13,595;0,000
13,605;0,000
13,615;3,000
13,625;0,000
13,635;1,000
13,645;2,000
13,655;1,000
13,665;2,000
13,675;2,000
13,685;1,000
13,695;0,000
13,705;0,000
13,715;1,000
13,725;0,000
13,735;0,000
13,745;1,000
13,755;1,000
13,765;0,000
13,775;1,000
13,785;0,000
13,795;0,000
13,805;0,000
13,815;0,000
13,825;0,000
13,835;0,000
13,845;1,000
13,855;1,000
13,865;2,000
13,875;1,000
13,885;0,000
13,895;0,000
13,905;4,000
13,915;1,000
13,925;0,000
13,935;0,000
13,945;1,000
13,955;0,000
13,965;0,000
13,975;0,000
13,985;2,000
13,995;2,000
14,005;0,000
14,015;0,000
14,025;0,000
14,035;2,000
14,045;0,000
14,055;0,000
14,065;2,000
14,075;0,000
14,085;2,000
14,095;0,000
14,105;2,000
14,115;1,000
14,125;0,000
14,135;1,000
14,145;1,000
14,155;0,000
14,165;2,000
14,175;1,000
14,185;1,000
14,195;1,000
14,205;0,000
14,215;0,000
14,225;0,000
14,235;1,000
14,245;0,000
14,255;1,000
14,265;1,000
14,275;1,000
14,285;1,000
14,295;2,000
14,305;0,000
14,315;0,000
14,325;1,000
14,335;0,000
14,345;2,000
14,355;0,000
14,365;0,000
14,375;1,000
14,385;1,000
14,395;0,000
14,405;1,000
14,415;1,000
14,425;1,000
14,435;2,000
14,445;0,000
14,455;0,000
14,465;1,000
14,475;0,000
14,485;0,000
14,495;1,000
14,505;2,000
14,515;1,000
14,525;0,000
14,535;0,000
14,545;0,000
14,555;1,000
14,565;0,000
14,575;1,000
14,585;0,000
14,595;0,000
14,605;0,000
14,615;0,000
14,625;1,000
14,635;0,000
14,645;0,000
14,655;1,000
14,665;0,000
14,675;0,000
14,685;0,000
14,695;2,000
14,705;1,000
14,715;0,000
14,725;0,000
14,735;1,000
14,745;1,000
14,755;0,000
14,765;0,000
14,775;0,000
14,785;0,000
14,795;0,000
14,805;1,000
14,815;1,000
14,825;0,000
14,835;2,000
14,845;0,000
14,855;0,000
14,865;0,000
14,875;2,000
14,885;0,000
14,895;0,000
14,905;0,000
14,915;0,000
14,925;0,000
14,935;1,000
14,945;0,000
14,955;1,000
14,965;1,000
14,975;0,000
14,985;1,000
14,995;1,000
15,005;0,000
15,015;0,000
15,025;0,000
15,035;0,000
15,045;0,000
15,055;0,000
15,065;2,000
15,075;2,000
15,085;0,000
15,095;1,000
15,105;0,000
15,115;0,000
15,125;1,000
15,135;0,000
15,145;0,000
15,155;0,000
15,165;0,000
15,175;1,000
15,185;1,000
15,195;0,000
15,205;1,000
15,215;0,000
15,225;1,000
15,235;0,000
15,245;0,000
15,255;0,000
15,265;0,000
15,275;1,000
15,285;1,000
15,295;2,000
15,305;1,000
15,315;1,000
15,325;1,000
15,335;1,000
15,345;0,000
15,355;3,000
15,365;0,000
15,375;3,000
15,385;0,000
15,395;1,000
15,405;0,000
15,415;2,000
15,425;2,000
15,435;1,000
15,445;1,000
15,455;1,000
15,465;2,000
15,475;1,000
15,485;3,000
15,495;3,000
15,505;2,000
15,515;2,000
15,525;0,000
15,535;2,000
15,545;2,000
15,555;0,000
15,565;0,000
15,575;1,000
15,585;0,000
15,595;2,000
15,605;3,000
15,615;1,000
15,625;1,000
15,635;1,000
15,645;1,000
15,655;1,000
15,665;2,000
15,675;3,000
15,685;1,000
15,695;0,000
15,705;0,000
15,715;3,000
15,725;1,000
15,735;2,000
15,745;1,000
15,755;0,000
15,765;1,000
15,775;1,000
15,785;0,000
15,795;3,000
15,805;1,000
15,815;3,000
15,825;3,000
15,835;1,000
15,845;1,000
15,855;0,000
15,865;1,000
15,875;1,000
15,885;2,000
15,895;0,000
15,905;1,000
15,915;1,000
15,925;0,000
15,935;1,000
15,945;0,000
15,955;2,000
15,965;0,000
15,975;1,000
15,985;0,000
15,995;0,000
16,005;0,000
16,015;3,000
16,025;0,000
16,035;2,000
16,045;0,000
16,055;0,000
16,065;1,000
16,075;0,000
16,085;0,000
16,095;1,000
16,105;1,000
16,115;0,000
16,125;0,000
16,135;2,000
16,145;3,000
16,155;0,000
16,165;1,000
16,175;2,000
16,185;0,000
16,195;0,000
16,205;0,000
16,215;0,000
16,225;0,000
16,235;1,000
16,245;1,000
16,255;2,000
16,265;0,000
16,275;0,000
16,285;0,000
16,295;0,000
16,305;1,000
16,315;0,000
16,325;0,000
16,335;0,000
16,345;1,000
16,355;1,000
16,365;0,000
16,375;0,000
16,385;0,000
16,395;1,000
16,405;1,000
16,415;1,000
16,425;0,000
16,435;0,000
16,445;0,000
16,455;0,000
16,465;2,000
16,475;0,000
16,485;0,000
16,495;3,000
16,505;0,000
16,515;0,000
16,525;1,000
16,535;1,000
16,545;1,000
16,555;2,000
16,565;0,000
16,575;0,000
16,585;0,000
16,595;3,000
16,605;1,000
16,615;0,000
16,625;0,000
16,635;1,000
16,645;2,000
16,655;2,000
16,665;1,000
16,675;1,000
16,685;2,000
16,695;2,000
16,705;1,000
16,715;0,000
16,725;1,000
16,735;2,000
16,745;0,000
16,755;1,000
16,765;2,000
16,775;0,000
16,785;0,000
16,795;0,000
16,805;1,000
16,815;1,000
16,825;0,000
16,835;0,000
16,845;0,000
16,855;3,000
16,865;1,000
16,875;1,000
16,885;1,000
16,895;2,000
16,905;0,000
16,915;1,000
16,925;0,000
16,935;1,000
16,945;1,000
16,955;2,000
16,965;0,000
16,975;1,000
16,985;0,000
16,995;1,000
17,005;0,000
17,015;0,000
17,025;0,000
17,035;0,000
17,045;0,000
17,055;0,000
17,065;1,000
17,075;0,000
17,085;0,000
17,095;0,000
17,105;0,000
17,115;0,000
17,125;0,000
17,135;0,000
17,145;0,000
17,155;1,000
17,165;0,000
17,175;0,000
17,185;0,000
17,195;0,000
17,205;0,000
17,215;0,000
17,225;0,000
17,235;0,000
17,245;0,000
17,255;0,000
17,265;0,000
17,275;0,000
17,285;0,000
17,295;0,000
17,305;0,000
17,315;0,000
17,325;0,000
17,335;0,000
17,345;0,000
17,355;0,000
17,365;0,000
17,375;0,000
17,385;0,000
17,395;0,000
17,405;0,000
17,415;0,000
17,425;0,000
17,435;0,000
17,445;0,000
17,455;0,000
17,465;0,000
17,475;0,000
17,485;0,000
17,495;0,000
17,505;1,000
17,515;0,000
17,525;0,000
17,535;0,000
17,545;1,000
17,555;0,000
17,565;0,000
17,575;0,000
17,585;0,000
17,595;0,000
17,605;0,000
17,615;0,000
17,625;0,000
17,635;0,000
17,645;0,000
17,655;0,000
17,665;0,000
17,675;0,000
17,685;0,000
17,695;0,000
17,705;0,000
17,715;0,000
17,725;0,000
17,735;1,000
17,745;1,000
17,755;0,000
17,765;1,000
17,775;0,000
17,785;0,000
17,795;0,000
17,805;0,000
17,815;0,000
17,825;0,000
17,835;0,000
17,845;0,000
17,855;0,000
17,865;0,000
17,875;0,000
17,885;0,000
17,895;0,000
17,905;0,000
17,915;0,000
17,925;0,000
17,935;0,000
17,945;0,000
17,955;0,000
17,965;0,000
17,975;0,000
17,985;0,000
17,995;0,000
18,005;0,000
18,015;0,000
18,025;0,000
18,035;0,000
18,045;0,000
18,055;0,000
18,065;0,000
18,075;0,000
18,085;0,000
18,095;0,000
18,105;0,000
18,115;0,000
18,125;0,000
18,135;0,000
18,145;0,000
18,155;0,000
18,165;0,000
18,175;0,000
18,185;0,000
18,195;0,000
18,205;0,000
18,215;0,000
18,225;0,000
18,235;0,000
18,245;0,000
18,255;0,000
18,265;0,000
18,275;0,000
18,285;0,000
18,295;0,000
18,305;0,000
18,315;0,000
18,325;0,000
18,335;0,000
18,345;1,000
18,355;0,000
18,365;0,000
18,375;0,000
18,385;0,000
18,395;0,000
18,405;0,000
18,415;0,000
18,425;0,000
18,435;0,000
18,445;0,000
18,455;0,000
18,465;0,000
18,475;0,000
18,485;0,000
18,495;0,000
18,505;1,000
18,515;0,000
18,525;0,000
18,535;0,000
18,545;0,000
18,555;0,000
18,565;0,000
18,575;0,000
18,585;0,000
18,595;0,000
18,605;0,000
18,615;0,000
18,625;0,000
18,635;0,000
18,645;0,000
18,655;0,000
18,665;0,000
18,675;0,000
18,685;0,000
18,695;0,000
18,705;0,000
18,715;0,000
18,725;0,000
18,735;0,000
18,745;0,000
18,755;0,000
18,765;0,000
18,775;0,000
18,785;0,000
18,795;0,000
18,805;0,000
18,815;0,000
18,825;0,000
18,835;0,000
18,845;0,000
18,855;0,000
18,865;0,000
18,875;0,000
18,885;0,000
18,895;0,000
18,905;0,000
18,915;0,000
18,925;0,000
18,935;0,000
18,945;0,000
18,955;0,000
18,965;0,000
18,975;0,000
18,985;0,000
18,995;0,000
19,005;0,000
19,015;0,000
19,025;0,000
19,035;0,000
19,045;0,000
19,055;0,000
19,065;0,000
19,075;0,000
19,085;0,000
19,095;0,000
19,105;0,000
19,115;0,000
19,125;0,000
19,135;0,000
19,145;0,000
19,155;0,000
19,165;0,000
19,175;0,000
19,185;0,000
19,195;0,000
19,205;0,000
19,215;0,000
19,225;0,000
19,235;0,000
19,245;0,000
19,255;0,000
19,265;0,000
19,275;0,000
19,285;0,000
19,295;0,000
19,305;0,000
19,315;0,000
19,325;0,000
19,335;0,000
19,345;0,000
19,355;0,000
19,365;0,000
19,375;0,000
19,385;0,000
19,395;0,000
19,405;0,000
19,415;0,000
19,425;0,000
19,435;0,000
19,445;0,000
19,455;0,000
19,465;0,000
19,475;0,000
19,485;0,000
19,495;0,000
19,505;0,000
19,515;0,000
19,525;0,000
19,535;0,000
19,545;0,000
19,555;0,000
19,565;0,000
19,575;0,000
19,585;0,000
19,595;0,000
19,605;0,000
19,615;1,000
19,625;0,000
19,635;0,000
19,645;0,000
19,655;0,000
19,665;0,000
19,675;0,000
19,685;0,000
19,695;0,000
19,705;0,000
19,715;0,000
19,725;0,000
19,735;0,000
19,745;0,000
19,755;0,000
19,765;0,000
19,775;0,000
19,785;0,000
19,795;0,000
19,805;0,000
19,815;0,000
19,825;0,000
19,835;0,000
19,845;0,000
19,855;0,000
19,865;0,000
19,875;0,000
19,885;0,000
19,895;0,000
19,905;0,000
19,915;0,000
19,925;75,000
19,935;0,000
19,945;0,000
19,955;0,000
19,965;0,000
19,975;0,000
19,985;0,000
19,995;20,000
