0,005;0,000
0,015;0,000
0,025;0,000
0,035;0,000
0,045;0,000
0,055;0,000
0,065;0,000
0,075;0,000
0,085;0,000
0,095;0,000
0,105;0,000
0,115;0,000
0,125;0,000
0,135;0,000
0,145;0,000
0,155;0,000
0,165;0,000
0,175;0,000
0,185;0,000
0,195;0,000
0,205;0,000
0,215;0,000
0,225;0,000
0,235;0,000
0,245;0,000
0,255;0,000
0,265;0,000
0,275;0,000
0,285;0,000
0,295;0,000
0,305;0,000
0,315;0,000
0,325;0,000
0,335;0,000
0,345;0,000
0,355;0,000
0,365;0,000
0,375;0,000
0,385;0,000
0,395;0,000
0,405;0,000
0,415;0,000
0,425;0,000
0,435;0,000
0,445;0,000
0,455;0,000
0,465;0,000
0,475;0,000
0,485;0,000
0,495;0,000
0,505;0,000
0,515;0,000
0,525;0,000
0,535;0,000
0,545;0,000
0,555;0,000
0,565;0,000
0,575;0,000
0,585;0,000
0,595;0,000
0,605;0,000
0,615;0,000
0,625;0,000
0,635;0,000
0,645;0,000
0,655;0,000
0,665;0,000
0,675;0,000
0,685;0,000
0,695;0,000
0,705;0,000
0,715;0,000
0,725;0,000
0,735;0,000
0,745;0,000
0,755;0,000
0,765;0,000
0,775;0,000
0,785;0,000
0,795;0,000
0,805;0,000
0,815;0,000
0,825;0,000
0,835;0,000
0,845;0,000
0,855;0,000
0,865;0,000
0,875;0,000
0,885;0,000
0,895;0,000
0,905;0,000
0,915;0,000
0,925;0,000
0,935;0,000
0,945;0,000
0,955;0,000
0,965;0,000
0,975;0,000
0,985;0,000
0,995;0,000
1,005;0,000
1,015;0,000
1,025;0,000
1,035;0,000
1,045;0,000
1,055;0,000
1,065;0,000
1,075;0,000
1,085;0,000
1,095;0,000
1,105;0,000
1,115;0,000
1,125;0,000
1,135;0,000
1,145;0,000
1,155;0,000
1,165;0,000
1,175;0,000
1,185;0,000
1,195;0,000
1,205;0,000
1,215;0,000
1,225;0,000
1,235;0,000
1,245;0,000
1,255;0,000
1,265;0,000
1,275;0,000
1,285;0,000
1,295;0,000
1,305;0,000
1,315;0,000
1,325;0,000
1,335;0,000
1,345;0,000
1,355;0,000
1,365;0,000
1,375;0,000
1,385;0,000
1,395;0,000
1,405;0,000
1,415;0,000
1,425;1,000
1,435;0,000
1,445;0,000
1,455;0,000
1,465;1,000
1,475;31,000
1,485;105,000
1,495;192,000
1,505;229,000
1,515;246,000
1,525;250,000
1,535;234,000
1,545;237,000
1,555;235,000
1,565;241,000
1,575;243,000
1,585;256,000
1,595;258,000
1,605;264,000
1,615;246,000
1,625;251,000
1,635;223,000
1,645;258,000
1,655;230,000
1,665;248,000
1,675;228,000
1,685;253,000
1,695;283,000
1,705;204,000
1,715;244,000
1,725;262,000
1,735;262,000
1,745;270,000
1,755;234,000
1,765;234,000
1,775;252,000
1,785;231,000
1,795;240,000
1,805;265,000
1,815;263,000
1,825;240,000
1,835;248,000
1,845;268,000
1,855;276,000
1,865;240,000
1,875;237,000
1,885;250,000
1,895;313,000
1,905;252,000
1,915;227,000
1,925;253,000
1,935;257,000
1,945;250,000
1,955;259,000
1,965;259,000
1,975;259,000
1,985;253,000
1,995;272,000
2,005;255,000
2,015;246,000
2,025;249,000
2,035;238,000
2,045;247,000
2,055;268,000
2,065;218,000
2,075;295,000
2,085;252,000
2,095;250,000
2,105;264,000
2,115;257,000
2,125;230,000
2,135;254,000
2,145;231,000
2,155;213,000
2,165;229,000
2,175;246,000
2,185;245,000
2,195;238,000
2,205;260,000
2,215;254,000
2,225;246,000
2,235;218,000
2,245;245,000
2,255;225,000
2,265;229,000
2,275;196,000
2,285;239,000
2,295;240,000
2,305;230,000
2,315;201,000
2,325;215,000
2,335;205,000
2,345;205,000
2,355;229,000
2,365;209,000
2,375;189,000
2,385;211,000
2,395;237,000
2,405;207,000
2,415;196,000
2,425;188,000
2,435;199,000
2,445;229,000
2,455;221,000
2,465;233,000
2,475;255,000
2,485;209,000
2,495;222,000
2,505;201,000
2,515;223,000
2,525;209,000
2,535;183,000
2,545;210,000
2,555;201,000
2,565;195,000
2,575;213,000
2,585;221,000
2,595;223,000
2,605;220,000
2,615;217,000
2,625;221,000
2,635;208,000
2,645;209,000
2,655;188,000
2,665;227,000
2,675;197,000
2,685;200,000
2,695;190,000
2,705;165,000
2,715;202,000
2,725;209,000
2,735;196,000
2,745;196,000
2,755;198,000
2,765;196,000
2,775;183,000
2,785;199,000
2,795;214,000
2,805;208,000
2,815;195,000
2,825;178,000
2,835;218,000
2,845;235,000
2,855;199,000
2,865;218,000
2,875;185,000
2,885;234,000
2,895;189,000
2,905;193,000
2,915;149,000
2,925;216,000
2,935;220,000
2,945;167,000
2,955;204,000
2,965;180,000
2,975;195,000
2,985;178,000
2,995;199,000
3,005;185,000
3,015;174,000
3,025;183,000
3,035;185,000
3,045;204,000
3,055;159,000
3,065;188,000
3,075;207,000
3,085;193,000
3,095;201,000
3,105;167,000
3,115;201,000
3,125;198,000
3,135;186,000
3,145;227,000
3,155;190,000
3,165;178,000
3,175;172,000
3,185;194,000
3,195;189,000
3,205;201,000
3,215;179,000
3,225;191,000
3,235;209,000
3,245;202,000
3,255;209,000
3,265;186,000
3,275;168,000
3,285;214,000
3,295;185,000
3,305;182,000
3,315;195,000
3,325;193,000
3,335;177,000
3,345;164,000
3,355;222,000
3,365;200,000
3,375;181,000
3,385;205,000
3,395;198,000
3,405;215,000
3,415;187,000
3,425;204,000
3,435;207,000
3,445;185,000
3,455;187,000
3,465;199,000
3,475;166,000
3,485;217,000
3,495;187,000
3,505;194,000
3,515;162,000
3,525;195,000
3,535;190,000
3,545;199,000
3,555;195,000
3,565;196,000
3,575;211,000
3,585;211,000
3,595;182,000
3,605;203,000
3,615;182,000
3,625;206,000
3,635;220,000
3,645;212,000
3,655;187,000
3,665;199,000
3,675;201,000
3,685;161,000
3,695;203,000
3,705;186,000
3,715;196,000
3,725;210,000
3,735;172,000
3,745;225,000
3,755;196,000
3,765;181,000
3,775;166,000
3,785;205,000
3,795;223,000
3,805;221,000
3,815;181,000
3,825;216,000
3,835;155,000
3,845;208,000
3,855;174,000
3,865;200,000
3,875;178,000
3,885;191,000
3,895;166,000
3,905;195,000
3,915;200,000
3,925;196,000
3,935;188,000
3,945;208,000
3,955;203,000
3,965;231,000
3,975;214,000
3,985;207,000
3,995;201,000
4,005;187,000
4,015;204,000
4,025;174,000
4,035;202,000
4,045;173,000
4,055;170,000
4,065;177,000
4,075;207,000
4,085;176,000
4,095;193,000
4,105;179,000
4,115;167,000
4,125;175,000
4,135;179,000
4,145;160,000
4,155;182,000
4,165;142,000
4,175;147,000
4,185;158,000
4,195;151,000
4,205;170,000
4,215;154,000
4,225;134,000
4,235;141,000
4,245;136,000
4,255;121,000
4,265;166,000
4,275;130,000
4,285;135,000
4,295;146,000
4,305;119,000
4,315;132,000
4,325;101,000
4,335;104,000
4,345;112,000
4,355;123,000
4,365;129,000
4,375;118,000
4,385;142,000
4,395;121,000
4,405;97,000
4,415;107,000
4,425;113,000
4,435;86,000
4,445;104,000
4,455;99,000
4,465;96,000
4,475;118,000
4,485;106,000
4,495;106,000
4,505;89,000
4,515;107,000
4,525;82,000
4,535;108,000
4,545;90,000
4,555;102,000
4,565;78,000
4,575;111,000
4,585;90,000
4,595;91,000
4,605;84,000
4,615;103,000
4,625;88,000
4,635;109,000
4,645;93,000
4,655;98,000
4,665;97,000
4,675;85,000
4,685;86,000
4,695;81,000
4,705;92,000
4,715;80,000
4,725;80,000
4,735;78,000
4,745;74,000
4,755;75,000
4,765;73,000
4,775;84,000
4,785;87,000
4,795;76,000
4,805;67,000
4,815;91,000
4,825;87,000
4,835;78,000
4,845;64,000
4,855;72,000
4,865;92,000
4,875;85,000
4,885;90,000
4,895;80,000
4,905;91,000
4,915;77,000
4,925;90,000
4,935;79,000
4,945;81,000
4,955;87,000
4,965;102,000
4,975;68,000
4,985;85,000
4,995;88,000
5,005;86,000
5,015;91,000
5,025;76,000
5,035;71,000
5,045;85,000
5,055;92,000
5,065;84,000
5,075;88,000
5,085;92,000
5,095;90,000
5,105;97,000
5,115;76,000
5,125;93,000
5,135;102,000
5,145;92,000
5,155;88,000
5,165;106,000
5,175;96,000
5,185;99,000
5,195;103,000
5,205;100,000
5,215;123,000
5,225;109,000
5,235;102,000
5,245;101,000
5,255;100,000
5,265;113,000
5,275;119,000
5,285;124,000
5,295;120,000
5,305;140,000
5,315;137,000
5,325;125,000
5,335;155,000
5,345;133,000
5,355;172,000
5,365;166,000
5,375;177,000
5,385;194,000
5,395;212,000
5,405;164,000
5,415;206,000
5,425;219,000
5,435;269,000
5,445;303,000
5,455;256,000
5,465;303,000
5,475;326,000
5,485;347,000
5,495;362,000
5,505;401,000
5,515;463,000
5,525;380,000
5,535;465,000
5,545;475,000
5,555;543,000
5,565;581,000
5,575;571,000
5,585;637,000
5,595;697,000
5,605;728,000
5,615;814,000
5,625;822,000
5,635;846,000
5,645;996,000
5,655;914,000
5,665;851,000
5,675;1037,000
5,685;1101,000
5,695;1064,000
5,705;1103,000
5,715;1210,000
5,725;1277,000
5,735;1265,000
5,745;1190,000
5,755;1250,000
5,765;1362,000
5,775;1375,000
5,785;1388,000
5,795;1427,000
5,805;1420,000
5,815;1523,000
5,825;1452,000
5,835;1358,000
5,845;1498,000
5,855;1458,000
5,865;1447,000
5,875;1364,000
5,885;1353,000
5,895;1379,000
5,905;1329,000
5,915;1380,000
5,925;1325,000
5,935;1255,000
5,945;1178,000
5,955;1182,000
5,965;1153,000
5,975;1077,000
5,985;1050,000
5,995;980,000
6,005;953,000
6,015;914,000
6,025;921,000
6,035;810,000
6,045;815,000
6,055;681,000
6,065;696,000
6,075;671,000
6,085;596,000
6,095;591,000
6,105;529,000
6,115;499,000
6,125;478,000
6,135;418,000
6,145;384,000
6,155;351,000
6,165;348,000
6,175;325,000
6,185;281,000
6,195;225,000
6,205;244,000
6,215;230,000
6,225;180,000
6,235;174,000
6,245;161,000
6,255;164,000
6,265;102,000
6,275;144,000
6,285;108,000
6,295;97,000
6,305;83,000
6,315;68,000
6,325;56,000
6,335;54,000
6,345;47,000
6,355;45,000
6,365;44,000
6,375;42,000
6,385;29,000
6,395;35,000
6,405;27,000
6,415;33,000
6,425;22,000
6,435;26,000
6,445;18,000
6,455;19,000
6,465;19,000
6,475;12,000
6,485;12,000
6,495;12,000
6,505;10,000
6,515;15,000
6,525;9,000
6,535;13,000
6,545;8,000
6,555;7,000
6,565;5,000
6,575;6,000
6,585;8,000
6,595;12,000
6,605;6,000
6,615;9,000
6,625;6,000
6,635;7,000
6,645;12,000
6,655;4,000
6,665;4,000
6,675;9,000
6,685;7,000
6,695;4,000
6,705;10,000
6,715;11,000
6,725;6,000
6,735;9,000
6,745;6,000
6,755;7,000
6,765;3,000
6,775;12,000
6,785;6,000
6,795;9,000
6,805;6,000
6,815;7,000
6,825;5,000
6,835;8,000
6,845;7,000
6,855;7,000
6,865;11,000
6,875;5,000
6,885;4,000
6,895;6,000
6,905;9,000
6,915;5,000
6,925;9,000
6,935;6,000
6,945;5,000
6,955;8,000
6,965;11,000
6,975;5,000
6,985;5,000
6,995;4,000
7,005;11,000
7,015;6,000
7,025;7,000
7,035;6,000
7,045;7,000
7,055;8,000
7,065;4,000
7,075;4,000
7,085;10,000
7,095;7,000
7,105;10,000
7,115;6,000
7,125;9,000
7,135;8,000
7,145;6,000
7,155;10,000
7,165;7,000
7,175;8,000
7,185;7,000
7,195;6,000
7,205;6,000
7,215;14,000
7,225;8,000
7,235;4,000
7,245;6,000
7,255;4,000
7,265;8,000
7,275;7,000
7,285;8,000
7,295;5,000
7,305;8,000
7,315;8,000
7,325;7,000
7,335;3,000
7,345;6,000
7,355;5,000
7,365;3,000
7,375;10,000
7,385;12,000
7,395;7,000
7,405;4,000
7,415;7,000
7,425;6,000
7,435;12,000
7,445;2,000
7,455;3,000
7,465;8,000
7,475;8,000
7,485;11,000
7,495;10,000
7,505;5,000
7,515;9,000
7,525;15,000
7,535;10,000
7,545;7,000
7,555;8,000
7,565;17,000
7,575;5,000
7,585;8,000
7,595;6,000
7,605;7,000
7,615;2,000
7,625;5,000
7,635;6,000
7,645;4,000
7,655;5,000
7,665;9,000
7,675;13,000
7,685;9,000
7,695;7,000
7,705;11,000
7,715;10,000
7,725;5,000
7,735;9,000
7,745;16,000
7,755;10,000
7,765;7,000
7,775;7,000
7,785;8,000
7,795;7,000
7,805;6,000
7,815;5,000
7,825;4,000
7,835;10,000
7,845;9,000
7,855;9,000
7,865;7,000
7,875;6,000
7,885;12,000
7,895;4,000
7,905;2,000
7,915;10,000
7,925;14,000
7,935;9,000
7,945;6,000
7,955;9,000
7,965;7,000
7,975;6,000
7,985;9,000
7,995;10,000
8,005;3,000
8,015;11,000
8,025;4,000
8,035;6,000
8,045;5,000
8,055;10,000
8,065;6,000
8,075;8,000
8,085;13,000
8,095;6,000
8,105;9,000
8,115;5,000
8,125;8,000
8,135;7,000
8,145;10,000
8,155;3,000
8,165;11,000
8,175;6,000
8,185;13,000
8,195;10,000
8,205;8,000
8,215;7,000
8,225;7,000
8,235;12,000
8,245;8,000
8,255;10,000
8,265;4,000
8,275;3,000
8,285;7,000
8,295;6,000
8,305;7,000
8,315;6,000
8,325;2,000
8,335;5,000
8,345;5,000
8,355;9,000
8,365;10,000
8,375;7,000
8,385;3,000
8,395;11,000
8,405;6,000
8,415;5,000
8,425;4,000
8,435;3,000
8,445;5,000
8,455;7,000
8,465;4,000
8,475;6,000
8,485;7,000
8,495;5,000
8,505;7,000
8,515;7,000
8,525;3,000
8,535;7,000
8,545;5,000
8,555;3,000
8,565;3,000
8,575;7,000
8,585;6,000
8,595;4,000
8,605;5,000
8,615;7,000
8,625;6,000
8,635;3,000
8,645;4,000
8,655;2,000
8,665;4,000
8,675;8,000
8,685;5,000
8,695;2,000
8,705;2,000
8,715;7,000
8,725;5,000
8,735;4,000
8,745;9,000
8,755;5,000
8,765;4,000
8,775;3,000
8,785;7,000
8,795;11,000
8,805;2,000
8,815;3,000
8,825;3,000
8,835;7,000
8,845;2,000
8,855;3,000
8,865;5,000
8,875;5,000
8,885;8,000
8,895;4,000
8,905;6,000
8,915;4,000
8,925;7,000
8,935;5,000
8,945;4,000
8,955;14,000
8,965;4,000
8,975;3,000
8,985;4,000
8,995;3,000
9,005;5,000
9,015;6,000
9,025;4,000
9,035;2,000
9,045;4,000
9,055;2,000
9,065;4,000
9,075;3,000
9,085;2,000
9,095;4,000
9,105;0,000
9,115;5,000
9,125;4,000
9,135;3,000
9,145;5,000
9,155;7,000
9,165;3,000
9,175;6,000
9,185;4,000
9,195;7,000
9,205;5,000
9,215;8,000
9,225;2,000
9,235;6,000
9,245;4,000
9,255;6,000
9,265;4,000
9,275;2,000
9,285;7,000
9,295;5,000
9,305;4,000
9,315;6,000
9,325;3,000
9,335;7,000
9,345;4,000
9,355;3,000
9,365;7,000
9,375;6,000
9,385;4,000
9,395;6,000
9,405;6,000
9,415;2,000
9,425;5,000
9,435;4,000
9,445;7,000
9,455;4,000
9,465;4,000
9,475;4,000
9,485;5,000
9,495;5,000
9,505;3,000
9,515;4,000
9,525;4,000
9,535;2,000
9,545;4,000
9,555;4,000
9,565;6,000
9,575;2,000
9,585;7,000
9,595;3,000
9,605;3,000
9,615;7,000
9,625;7,000
9,635;6,000
9,645;13,000
9,655;1,000
9,665;3,000
9,675;7,000
9,685;3,000
9,695;3,000
9,705;6,000
9,715;4,000
9,725;2,000
9,735;3,000
9,745;4,000
9,755;2,000
9,765;7,000
9,775;4,000
9,785;3,000
9,795;3,000
9,805;6,000
9,815;2,000
9,825;2,000
9,835;2,000
9,845;5,000
9,855;3,000
9,865;1,000
9,875;4,000
9,885;4,000
9,895;4,000
9,905;6,000
9,915;4,000
9,925;6,000
9,935;5,000
9,945;1,000
9,955;2,000
9,965;2,000
9,975;6,000
9,985;5,000
9,995;4,000
10,005;5,000
10,015;3,000
10,025;4,000
10,035;5,000
10,045;5,000
10,055;4,000
10,065;1,000
10,075;4,000
10,085;2,000
10,095;3,000
10,105;0,000
10,115;2,000
10,125;3,000
10,135;4,000
10,145;1,000
10,155;1,000
10,165;2,000
10,175;1,000
10,185;6,000
10,195;4,000
10,205;3,000
10,215;1,000
10,225;4,000
10,235;5,000
10,245;5,000
10,255;4,000
10,265;0,000
10,275;1,000
10,285;4,000
10,295;5,000
10,305;5,000
10,315;3,000
10,325;2,000
10,335;3,000
10,345;4,000
10,355;3,000
10,365;4,000
10,375;2,000
10,385;3,000
10,395;2,000
10,405;1,000
10,415;5,000
10,425;4,000
10,435;6,000
10,445;5,000
10,455;7,000
10,465;1,000
10,475;0,000
10,485;3,000
10,495;6,000
10,505;4,000
10,515;3,000
10,525;2,000
10,535;0,000
10,545;2,000
10,555;2,000
10,565;3,000
10,575;3,000
10,585;5,000
10,595;4,000
10,605;4,000
10,615;3,000
10,625;1,000
10,635;2,000
10,645;3,000
10,655;4,000
10,665;1,000
10,675;1,000
10,685;0,000
10,695;3,000
10,705;5,000
10,715;1,000
10,725;2,000
10,735;4,000
10,745;1,000
10,755;2,000
10,765;1,000
10,775;1,000
10,785;1,000
10,795;2,000
10,805;1,000
10,815;4,000
10,825;3,000
10,835;3,000
10,845;2,000
10,855;2,000
10,865;5,000
10,875;6,000
10,885;4,000
10,895;3,000
10,905;3,000
10,915;4,000
10,925;3,000
10,935;1,000
10,945;3,000
10,955;5,000
10,965;5,000
10,975;4,000
10,985;1,000
10,995;1,000
11,005;6,000
11,015;5,000
11,025;4,000
11,035;2,000
11,045;1,000
11,055;2,000
11,065;2,000
11,075;4,000
11,085;4,000
11,095;2,000
11,105;1,000
11,115;2,000
11,125;4,000
11,135;4,000
11,145;1,000
11,155;3,000
11,165;3,000
11,175;5,000
11,185;6,000
11,195;3,000
11,205;2,000
11,215;2,000
11,225;4,000
11,235;4,000
11,245;4,000
11,255;3,000
11,265;2,000
11,275;5,000
11,285;6,000
11,295;2,000
11,305;3,000
11,315;4,000
11,325;8,000
11,335;5,000
11,345;2,000
11,355;3,000
11,365;3,000
11,375;5,000
11,385;5,000
11,395;4,000
11,405;4,000
11,415;4,000
11,425;4,000
11,435;3,000
11,445;2,000
11,455;3,000
11,465;6,000
11,475;6,000
11,485;4,000
11,495;7,000
11,505;5,000
11,515;3,000
11,525;5,000
11,535;3,000
11,545;3,000
11,555;3,000
11,565;4,000
11,575;5,000
11,585;3,000
11,595;7,000
11,605;1,000
11,615;7,000
11,625;5,000
11,635;6,000
11,645;5,000
11,655;9,000
11,665;7,000
11,675;2,000
11,685;7,000
11,695;2,000
11,705;7,000
11,715;8,000
11,725;1,000
11,735;5,000
11,745;7,000
11,755;9,000
11,765;4,000
11,775;6,000
11,785;6,000
11,795;7,000
11,805;8,000
11,815;7,000
11,825;6,000
11,835;11,000
11,845;7,000
11,855;10,000
11,865;3,000
11,875;6,000
11,885;8,000
11,895;7,000
11,905;7,000
11,915;6,000
11,925;4,000
11,935;9,000
11,945;5,000
11,955;11,000
11,965;12,000
11,975;14,000
11,985;11,000
11,995;10,000
12,005;9,000
12,015;12,000
12,025;4,000
12,035;8,000
12,045;5,000
12,055;9,000
12,065;14,000
12,075;16,000
12,085;6,000
12,095;8,000
12,105;4,000
12,115;9,000
12,125;12,000
12,135;12,000
12,145;7,000
12,155;11,000
12,165;2,000
12,175;6,000
12,185;7,000
12,195;11,000
12,205;3,000
12,215;8,000
12,225;5,000
12,235;2,000
12,245;6,000
12,255;5,000
12,265;3,000
12,275;12,000
12,285;6,000
12,295;3,000
12,305;9,000
12,315;4,000
12,325;2,000
12,335;4,000
12,345;2,000
12,355;8,000
12,365;3,000
12,375;6,000
12,385;7,000
12,395;3,000
12,405;7,000
12,415;7,000
12,425;5,000
12,435;5,000
12,445;6,000
12,455;5,000
12,465;4,000
12,475;4,000
12,485;4,000
12,495;6,000
12,505;4,000
12,515;5,000
12,525;4,000
12,535;2,000
12,545;4,000
12,555;3,000
12,565;1,000
12,575;2,000
12,585;2,000
12,595;4,000
12,605;2,000
12,615;6,000
12,625;2,000
12,635;2,000
12,645;2,000
12,655;2,000
12,665;2,000
12,675;2,000
12,685;0,000
12,695;0,000
12,705;3,000
12,715;4,000
12,725;0,000
12,735;3,000
12,745;1,000
12,755;1,000
12,765;1,000
12,775;5,000
12,785;0,000
12,795;4,000
12,805;2,000
12,815;3,000
12,825;0,000
12,835;0,000
12,845;1,000
12,855;0,000
12,865;0,000
12,875;0,000
12,885;3,000
12,895;2,000
12,905;2,000
12,915;2,000
12,925;1,000
12,935;2,000
12,945;2,000
12,955;1,000
12,965;2,000
12,975;0,000
12,985;1,000
12,995;1,000
13,005;1,000
13,015;2,000
13,025;2,000
13,035;1,000
13,045;3,000
13,055;3,000
13,065;3,000
13,075;0,000
13,085;3,000
13,095;0,000
13,105;3,000
13,115;1,000
13,125;0,000
13,135;2,000
13,145;1,000
13,155;0,000
13,165;0,000
13,175;0,000
13,185;1,000
13,195;1,000
13,205;0,000
13,215;0,000
13,225;0,000
13,235;1,000
13,245;2,000
13,255;1,000
13,265;3,000
13,275;0,000
13,285;0,000
13,295;3,000
13,305;1,000
13,315;1,000
13,325;2,000
13,335;3,000
13,345;1,000
13,355;2,000
13,365;1,000
13,375;2,000
13,385;1,000
13,395;1,000
13,405;0,000
13,415;1,000
13,425;1,000
13,435;0,000
13,445;2,000
13,455;0,000
13,465;0,000
13,475;1,000
13,485;1,000
13,495;0,000
13,505;1,000
13,515;2,000
13,525;0,000
13,535;1,000
13,545;1,000
13,555;1,000
13,565;0,000
13,575;3,000
13,585;0,000
13,595;1,000
13,605;1,000
13,615;1,000
13,625;0,000
13,635;1,000
13,645;1,000
13,655;0,000
13,665;1,000
13,675;1,000
13,685;1,000
13,695;3,000
13,705;0,000
13,715;2,000
13,725;0,000
13,735;0,000
13,745;4,000
13,755;2,000
13,765;0,000
13,775;1,000
13,785;2,000
13,795;1,000
13,805;4,000
13,815;2,000
13,825;1,000
13,835;0,000
13,845;0,000
13,855;1,000
13,865;1,000
13,875;3,000
13,885;2,000
13,895;0,000
13,905;2,000
13,915;1,000
13,925;1,000
13,935;1,000
13,945;4,000
13,955;1,000
13,965;2,000
13,975;4,000
13,985;0,000
13,995;0,000
14,005;2,000
14,015;0,000
14,025;2,000
14,035;1,000
14,045;0,000
14,055;0,000
14,065;0,000
14,075;1,000
14,085;0,000
14,095;0,000
14,105;1,000
14,115;0,000
14,125;2,000
14,135;6,000
14,145;0,000
14,155;2,000
14,165;2,000
14,175;3,000
14,185;1,000
14,195;2,000
14,205;0,000
14,215;1,000
14,225;1,000
14,235;2,000
14,245;0,000
14,255;0,000
14,265;2,000
14,275;3,000
14,285;2,000
14,295;1,000
14,305;0,000
14,315;3,000
14,325;2,000
14,335;1,000
14,345;1,000
14,355;0,000
14,365;1,000
14,375;2,000
14,385;0,000
14,395;1,000
14,405;0,000
14,415;2,000
14,425;2,000
14,435;0,000
14,445;2,000
14,455;1,000
14,465;1,000
14,475;1,000
14,485;0,000
14,495;0,000
14,505;3,000
14,515;2,000
14,525;0,000
14,535;3,000
14,545;0,000
14,555;2,000
14,565;1,000
14,575;2,000
14,585;0,000
14,595;0,000
14,605;1,000
14,615;0,000
14,625;0,000
14,635;0,000
14,645;0,000
14,655;5,000
14,665;0,000
14,675;1,000
14,685;1,000
14,695;1,000
14,705;1,000
14,715;1,000
14,725;1,000
14,735;0,000
14,745;1,000
14,755;1,000
14,765;0,000
14,775;1,000
14,785;1,000
14,795;3,000
14,805;1,000
14,815;0,000
14,825;0,000
14,835;0,000
14,845;0,000
14,855;0,000
14,865;0,000
14,875;1,000
14,885;0,000
14,895;2,000
14,905;1,000
14,915;0,000
14,925;2,000
14,935;0,000
14,945;2,000
14,955;1,000
14,965;0,000
14,975;0,000
14,985;0,000
14,995;1,000
15,005;1,000
15,015;1,000
15,025;1,000
15,035;1,000
15,045;0,000
15,055;0,000
15,065;1,000
15,075;2,000
15,085;0,000
15,095;1,000
15,105;0,000
15,115;2,000
15,125;1,000
15,135;1,000
15,145;0,000
15,155;0,000
15,165;0,000
15,175;2,000
15,185;0,000
15,195;0,000
15,205;0,000
15,215;1,000
15,225;0,000
15,235;0,000
15,245;0,000
15,255;0,000
15,265;0,000
15,275;1,000
15,285;1,000
15,295;0,000
15,305;2,000
15,315;0,000
15,325;2,000
15,335;1,000
15,345;0,000
15,355;1,000
15,365;3,000
15,375;2,000
15,385;4,000
15,395;3,000
15,405;0,000
15,415;3,000
15,425;1,000
15,435;0,000
15,445;0,000
15,455;4,000
15,465;3,000
15,475;4,000
15,485;2,000
15,495;3,000
15,505;0,000
15,515;2,000
15,525;1,000
15,535;2,000
15,545;0,000
15,555;2,000
15,565;4,000
15,575;2,000
15,585;1,000
15,595;2,000
15,605;3,000
15,615;1,000
15,625;4,000
15,635;3,000
15,645;2,000
15,655;4,000
15,665;3,000
15,675;4,000
15,685;0,000
15,695;4,000
15,705;3,000
15,715;5,000
15,725;2,000
15,735;1,000
15,745;5,000
15,755;1,000
15,765;0,000
15,775;1,000
15,785;1,000
15,795;2,000
15,805;2,000
15,815;1,000
15,825;1,000
15,835;2,000
15,845;2,000
15,855;2,000
15,865;3,000
15,875;2,000
15,885;3,000
15,895;3,000
15,905;0,000
15,915;3,000
15,925;3,000
15,935;1,000
15,945;3,000
15,955;1,000
15,965;1,000
15,975;2,000
15,985;0,000
15,995;0,000
16,005;1,000
16,015;1,000
16,025;0,000
16,035;2,000
16,045;0,000
16,055;1,000
16,065;0,000
16,075;2,000
16,085;2,000
16,095;0,000
16,105;0,000
16,115;0,000
16,125;0,000
16,135;0,000
16,145;1,000
16,155;1,000
16,165;3,000
16,175;1,000
16,185;1,000
16,195;0,000
16,205;0,000
16,215;1,000
16,225;0,000
16,235;0,000
16,245;1,000
16,255;1,000
16,265;1,000
16,275;1,000
16,285;1,000
16,295;2,000
16,305;0,000
16,315;0,000
16,325;1,000
16,335;2,000
16,345;1,000
16,355;1,000
16,365;1,000
16,375;0,000
16,385;0,000
16,395;0,000
16,405;0,000
16,415;1,000
16,425;0,000
16,435;2,000
16,445;1,000
16,455;0,000
16,465;1,000
16,475;0,000
16,485;0,000
16,495;0,000
16,505;1,000
16,515;5,000
16,525;0,000
16,535;0,000
16,545;0,000
16,555;0,000
16,565;1,000
16,575;1,000
16,585;2,000
16,595;2,000
16,605;5,000
16,615;4,000
16,625;2,000
16,635;0,000
16,645;0,000
16,655;1,000
16,665;1,000
16,675;4,000
16,685;4,000
16,695;1,000
16,705;2,000
16,715;2,000
16,725;2,000
16,735;3,000
16,745;2,000
16,755;3,000
16,765;2,000
16,775;4,000
16,785;1,000
16,795;2,000
16,805;0,000
16,815;2,000
16,825;2,000
16,835;2,000
16,845;1,000
16,855;1,000
16,865;4,000
16,875;1,000
16,885;1,000
16,895;0,000
16,905;4,000
16,915;2,000
16,925;0,000
16,935;2,000
16,945;1,000
16,955;1,000
16,965;1,000
16,975;0,000
16,985;0,000
16,995;1,000
17,005;0,000
17,015;0,000
17,025;1,000
17,035;1,000
17,045;1,000
17,055;0,000
17,065;1,000
17,075;0,000
17,085;0,000
17,095;1,000
17,105;1,000
17,115;0,000
17,125;1,000
17,135;0,000
17,145;0,000
17,155;1,000
17,165;0,000
17,175;0,000
17,185;0,000
17,195;0,000
17,205;0,000
17,215;0,000
17,225;0,000
17,235;0,000
17,245;0,000
17,255;0,000
17,265;0,000
17,275;0,000
17,285;0,000
17,295;0,000
17,305;0,000
17,315;1,000
17,325;0,000
17,335;1,000
17,345;0,000
17,355;0,000
17,365;0,000
17,375;0,000
17,385;1,000
17,395;0,000
17,405;0,000
17,415;0,000
17,425;0,000
17,435;0,000
17,445;0,000
17,455;0,000
17,465;0,000
17,475;0,000
17,485;0,000
17,495;0,000
17,505;0,000
17,515;0,000
17,525;0,000
17,535;0,000
17,545;0,000
17,555;0,000
17,565;0,000
17,575;0,000
17,585;0,000
17,595;0,000
17,605;0,000
17,615;0,000
17,625;0,000
17,635;1,000
17,645;0,000
17,655;0,000
17,665;1,000
17,675;0,000
17,685;0,000
17,695;0,000
17,705;0,000
17,715;0,000
17,725;0,000
17,735;0,000
17,745;0,000
17,755;0,000
17,765;0,000
17,775;0,000
17,785;0,000
17,795;0,000
17,805;0,000
17,815;0,000
17,825;1,000
17,835;0,000
17,845;0,000
17,855;1,000
17,865;0,000
17,875;0,000
17,885;0,000
17,895;0,000
17,905;0,000
17,915;0,000
17,925;0,000
17,935;0,000
17,945;0,000
17,955;0,000
17,965;0,000
17,975;0,000
17,985;0,000
17,995;0,000
18,005;0,000
18,015;0,000
18,025;0,000
18,035;0,000
18,045;0,000
18,055;0,000
18,065;0,000
18,075;0,000
18,085;0,000
18,095;0,000
18,105;0,000
18,115;0,000
18,125;0,000
18,135;0,000
18,145;0,000
18,155;0,000
18,165;0,000
18,175;0,000
18,185;0,000
18,195;0,000
18,205;0,000
18,215;0,000
18,225;0,000
18,235;0,000
18,245;0,000
18,255;0,000
18,265;0,000
18,275;0,000
18,285;0,000
18,295;0,000
18,305;0,000
18,315;0,000
18,325;0,000
18,335;0,000
18,345;0,000
18,355;0,000
18,365;0,000
18,375;0,000
18,385;0,000
18,395;0,000
18,405;0,000
18,415;0,000
18,425;0,000
18,435;0,000
18,445;0,000
18,455;0,000
18,465;0,000
18,475;0,000
18,485;0,000
18,495;0,000
18,505;1,000
18,515;0,000
18,525;0,000
18,535;0,000
18,545;0,000
18,555;0,000
18,565;1,000
18,575;0,000
18,585;0,000
18,595;0,000
18,605;0,000
18,615;0,000
18,625;0,000
18,635;0,000
18,645;0,000
18,655;0,000
18,665;0,000
18,675;0,000
18,685;0,000
18,695;0,000
18,705;0,000
18,715;0,000
18,725;1,000
18,735;0,000
18,745;0,000
18,755;0,000
18,765;0,000
18,775;0,000
18,785;0,000
18,795;1,000
18,805;0,000
18,815;0,000
18,825;0,000
18,835;0,000
18,845;1,000
18,855;0,000
18,865;0,000
18,875;0,000
18,885;0,000
18,895;0,000
18,905;0,000
18,915;1,000
18,925;0,000
18,935;0,000
18,945;0,000
18,955;0,000
18,965;0,000
18,975;0,000
18,985;0,000
18,995;0,000
19,005;0,000
19,015;0,000
19,025;0,000
19,035;0,000
19,045;0,000
19,055;0,000
19,065;0,000
19,075;0,000
19,085;0,000
19,095;0,000
19,105;0,000
19,115;0,000
19,125;0,000
19,135;0,000
19,145;0,000
19,155;0,000
19,165;0,000
19,175;0,000
19,185;0,000
19,195;0,000
19,205;0,000
19,215;0,000
19,225;0,000
19,235;0,000
19,245;0,000
19,255;0,000
19,265;0,000
19,275;0,000
19,285;0,000
19,295;0,000
19,305;0,000
19,315;0,000
19,325;1,000
19,335;0,000
19,345;1,000
19,355;0,000
19,365;0,000
19,375;0,000
19,385;0,000
19,395;0,000
19,405;0,000
19,415;0,000
19,425;0,000
19,435;0,000
19,445;0,000
19,455;0,000
19,465;0,000
19,475;0,000
19,485;0,000
19,495;0,000
19,505;0,000
19,515;0,000
19,525;0,000
19,535;0,000
19,545;0,000
19,555;0,000
19,565;0,000
19,575;0,000
19,585;0,000
19,595;0,000
19,605;0,000
19,615;0,000
19,625;0,000
19,635;0,000
19,645;0,000
19,655;0,000
19,665;1,000
19,675;0,000
19,685;0,000
19,695;0,000
19,705;0,000
19,715;0,000
19,725;0,000
19,735;0,000
19,745;0,000
19,755;0,000
19,765;0,000
19,775;0,000
19,785;0,000
19,795;0,000
19,805;0,000
19,815;0,000
19,825;0,000
19,835;0,000
19,845;1,000
19,855;0,000
19,865;0,000
19,875;0,000
19,885;0,000
19,895;0,000
19,905;0,000
19,915;0,000
19,925;163,000
19,935;0,000
19,945;0,000
19,955;0,000
19,965;0,000
19,975;0,000
19,985;0,000
19,995;29,000
