0,005;0,000
0,015;0,000
0,025;0,000
0,035;0,000
0,045;0,000
0,055;0,000
0,065;0,000
0,075;0,000
0,085;0,000
0,095;0,000
0,105;0,000
0,115;0,000
0,125;0,000
0,135;0,000
0,145;0,000
0,155;0,000
0,165;0,000
0,175;0,000
0,185;0,000
0,195;0,000
0,205;0,000
0,215;0,000
0,225;0,000
0,235;0,000
0,245;0,000
0,255;0,000
0,265;0,000
0,275;0,000
0,285;0,000
0,295;0,000
0,305;0,000
0,315;0,000
0,325;0,000
0,335;0,000
0,345;0,000
0,355;0,000
0,365;0,000
0,375;0,000
0,385;0,000
0,395;0,000
0,405;0,000
0,415;0,000
0,425;0,000
0,435;0,000
0,445;0,000
0,455;0,000
0,465;0,000
0,475;0,000
0,485;0,000
0,495;0,000
0,505;0,000
0,515;0,000
0,525;0,000
0,535;0,000
0,545;0,000
0,555;0,000
0,565;0,000
0,575;0,000
0,585;0,000
0,595;0,000
0,605;0,000
0,615;0,000
0,625;0,000
0,635;0,000
0,645;0,000
0,655;0,000
0,665;0,000
0,675;0,000
0,685;0,000
0,695;0,000
0,705;0,000
0,715;0,000
0,725;0,000
0,735;0,000
0,745;0,000
0,755;0,000
0,765;0,000
0,775;0,000
0,785;0,000
0,795;0,000
0,805;0,000
0,815;0,000
0,825;0,000
0,835;0,000
0,845;0,000
0,855;0,000
0,865;0,000
0,875;0,000
0,885;0,000
0,895;0,000
0,905;0,000
0,915;0,000
0,925;0,000
0,935;0,000
0,945;0,000
0,955;0,000
0,965;0,000
0,975;0,000
0,985;0,000
0,995;0,000
1,005;0,000
1,015;0,000
1,025;0,000
1,035;0,000
1,045;0,000
1,055;0,000
1,065;0,000
1,075;0,000
1,085;0,000
1,095;0,000
1,105;0,000
1,115;0,000
1,125;0,000
1,135;0,000
1,145;0,000
1,155;0,000
1,165;0,000
1,175;0,000
1,185;0,000
1,195;0,000
1,205;0,000
1,215;0,000
1,225;0,000
1,235;0,000
1,245;0,000
1,255;0,000
1,265;0,000
1,275;0,000
1,285;0,000
1,295;0,000
1,305;0,000
1,315;0,000
1,325;0,000
1,335;0,000
1,345;0,000
1,355;0,000
1,365;0,000
1,375;0,000
1,385;0,000
1,395;0,000
1,405;0,000
1,415;1,000
1,425;0,000
1,435;0,000
1,445;0,000
1,455;0,000
1,465;3,000
1,475;19,000
1,485;65,000
1,495;158,000
1,505;185,000
1,515;204,000
1,525;187,000
1,535;202,000
1,545;162,000
1,555;184,000
1,565;204,000
1,575;191,000
1,585;182,000
1,595;183,000
1,605;181,000
1,615;180,000
1,625;186,000
1,635;160,000
1,645;204,000
1,655;167,000
1,665;192,000
1,675;211,000
1,685;224,000
1,695;192,000
1,705;184,000
1,715;230,000
1,725;206,000
1,735;216,000
1,745;173,000
1,755;170,000
1,765;222,000
1,775;202,000
1,785;204,000
1,795;211,000
1,805;197,000
1,815;188,000
1,825;192,000
1,835;195,000
1,845;175,000
1,855;217,000
1,865;212,000
1,875;207,000
1,885;173,000
1,895;204,000
1,905;223,000
1,915;197,000
1,925;191,000
1,935;235,000
1,945;208,000
1,955;210,000
1,965;201,000
1,975;193,000
1,985;208,000
1,995;186,000
2,005;215,000
2,015;194,000
2,025;187,000
2,035;213,000
2,045;192,000
2,055;202,000
2,065;187,000
2,075;168,000
2,085;199,000
2,095;222,000
2,105;180,000
2,115;249,000
2,125;190,000
2,135;192,000
2,145;202,000
2,155;210,000
2,165;193,000
2,175;223,000
2,185;203,000
2,195;161,000
2,205;197,000
2,215;186,000
2,225;199,000
2,235;205,000
2,245;188,000
2,255;195,000
2,265;190,000
2,275;177,000
2,285;198,000
2,295;166,000
2,305;179,000
2,315;175,000
2,325;191,000
2,335;184,000
2,345;176,000
2,355;185,000
2,365;172,000
2,375;170,000
2,385;185,000
2,395;156,000
2,405;179,000
2,415;169,000
2,425;186,000
2,435;162,000
2,445;183,000
2,455;190,000
2,465;166,000
2,475;201,000
2,485;179,000
2,495;147,000
2,505;143,000
2,515;168,000
2,525;180,000
2,535;145,000
2,545;176,000
2,555;153,000
2,565;136,000
2,575;169,000
2,585;179,000
2,595;167,000
2,605;186,000
2,615;185,000
2,625;168,000
2,635;163,000
2,645;150,000
2,655;163,000
2,665;146,000
2,675;157,000
2,685;164,000
2,695;187,000
2,705;156,000
2,715;178,000
2,725;170,000
2,735;157,000
2,745;160,000
2,755;161,000
2,765;162,000
2,775;166,000
2,785;170,000
2,795;141,000
2,805;168,000
2,815;156,000
2,825;154,000
2,835;156,000
2,845;146,000
2,855;177,000
2,865;154,000
2,875;153,000
2,885;164,000
2,895;160,000
2,905;167,000
2,915;145,000
2,925;137,000
2,935;196,000
2,945;169,000
2,955;156,000
2,965;183,000
2,975;163,000
2,985;169,000
2,995;143,000
3,005;160,000
3,015;165,000
3,025;170,000
3,035;172,000
3,045;172,000
3,055;159,000
3,065;153,000
3,075;170,000
3,085;159,000
3,095;159,000
3,105;170,000
3,115;141,000
3,125;196,000
3,135;151,000
3,145;169,000
3,155;165,000
3,165;165,000
3,175;155,000
3,185;138,000
3,195;153,000
3,205;167,000
3,215;160,000
3,225;157,000
3,235;145,000
3,245;153,000
3,255;169,000
3,265;143,000
3,275;159,000
3,285;180,000
3,295;149,000
3,305;154,000
3,315;166,000
3,325;163,000
3,335;153,000
3,345;145,000
3,355;178,000
3,365;168,000
3,375;143,000
3,385;178,000
3,395;177,000
3,405;148,000
3,415;163,000
3,425;164,000
3,435;136,000
3,445;138,000
3,455;164,000
3,465;153,000
3,475;140,000
3,485;159,000
3,495;153,000
3,505;136,000
3,515;159,000
3,525;136,000
3,535;146,000
3,545;151,000
3,555;184,000
3,565;149,000
3,575;148,000
3,585;142,000
3,595;142,000
3,605;149,000
3,615;152,000
3,625;168,000
3,635;163,000
3,645;147,000
3,655;161,000
3,665;161,000
3,675;179,000
3,685;168,000
3,695;174,000
3,705;168,000
3,715;170,000
3,725;173,000
3,735;167,000
3,745;175,000
3,755;171,000
3,765;182,000
3,775;138,000
3,785;194,000
3,795;165,000
3,805;175,000
3,815;151,000
3,825;150,000
3,835;169,000
3,845;140,000
3,855;164,000
3,865;158,000
3,875;172,000
3,885;160,000
3,895;157,000
3,905;154,000
3,915;173,000
3,925;164,000
3,935;172,000
3,945;150,000
3,955;156,000
3,965;172,000
3,975;169,000
3,985;167,000
3,995;151,000
4,005;160,000
4,015;166,000
4,025;137,000
4,035;158,000
4,045;149,000
4,055;175,000
4,065;149,000
4,075;124,000
4,085;149,000
4,095;140,000
4,105;143,000
4,115;142,000
4,125;150,000
4,135;139,000
4,145;145,000
4,155;147,000
4,165;132,000
4,175;142,000
4,185;133,000
4,195;131,000
4,205;100,000
4,215;141,000
4,225;115,000
4,235;131,000
4,245;125,000
4,255;114,000
4,265;114,000
4,275;91,000
4,285;108,000
4,295;93,000
4,305;103,000
4,315;106,000
4,325;101,000
4,335;86,000
4,345;87,000
4,355;95,000
4,365;94,000
4,375;87,000
4,385;78,000
4,395;99,000
4,405;104,000
4,415;94,000
4,425;88,000
4,435;93,000
4,445;76,000
4,455;66,000
4,465;81,000
4,475;76,000
4,485;80,000
4,495;64,000
4,505;87,000
4,515;82,000
4,525;94,000
4,535;82,000
4,545;75,000
4,555;66,000
4,565;63,000
4,575;71,000
4,585;69,000
4,595;64,000
4,605;68,000
4,615;73,000
4,625;79,000
4,635;61,000
4,645;56,000
4,655;69,000
4,665;68,000
4,675;68,000
4,685;72,000
4,695;66,000
4,705;46,000
4,715;66,000
4,725;45,000
4,735;68,000
4,745;71,000
4,755;62,000
4,765;70,000
4,775;66,000
4,785;61,000
4,795;67,000
4,805;66,000
4,815;66,000
4,825;62,000
4,835;61,000
4,845;73,000
4,855;66,000
4,865;57,000
4,875;66,000
4,885;67,000
4,895;69,000
4,905;60,000
4,915;67,000
4,925;78,000
4,935;60,000
4,945;65,000
4,955;72,000
4,965;74,000
4,975;57,000
4,985;64,000
4,995;77,000
5,005;59,000
5,015;55,000
5,025;65,000
5,035;74,000
5,045;76,000
5,055;60,000
5,065;59,000
5,075;63,000
5,085;77,000
5,095;61,000
5,105;63,000
5,115;76,000
5,125;57,000
5,135;75,000
5,145;77,000
5,155;77,000
5,165;81,000
5,175;71,000
5,185;84,000
5,195;90,000
5,205;87,000
5,215;80,000
5,225;82,000
5,235;66,000
5,245;93,000
5,255;86,000
5,265;93,000
5,275;94,000
5,285;99,000
5,295;84,000
5,305;106,000
5,315;101,000
5,325;107,000
5,335;125,000
5,345;121,000
5,355;112,000
5,365;131,000
5,375;156,000
5,385;145,000
5,395;128,000
5,405;159,000
5,415;167,000
5,425;192,000
5,435;210,000
5,445;193,000
5,455;203,000
5,465;264,000
5,475;237,000
5,485;262,000
5,495;301,000
5,505;336,000
5,515;368,000
5,525;372,000
5,535;367,000
5,545;431,000
5,555;457,000
5,565;486,000
5,575;551,000
5,585;531,000
5,595;572,000
5,605;605,000
5,615;695,000
5,625;693,000
5,635;736,000
5,645;814,000
5,655;864,000
5,665;790,000
5,675;955,000
5,685;911,000
5,695;980,000
5,705;1049,000
5,715;1068,000
5,725;1073,000
5,735;1179,000
5,745;1203,000
5,755;1169,000
5,765;1278,000
5,775;1261,000
5,785;1300,000
5,795;1203,000
5,805;1312,000
5,815;1312,000
5,825;1402,000
5,835;1361,000
5,845;1324,000
5,855;1364,000
5,865;1379,000
5,875;1307,000
5,885;1373,000
5,895;1310,000
5,905;1326,000
5,915;1279,000
5,925;1288,000
5,935;1181,000
5,945;1261,000
5,955;1203,000
5,965;1111,000
5,975;1105,000
5,985;1034,000
5,995;941,000
6,005;939,000
6,015;853,000
6,025;866,000
6,035;829,000
6,045;806,000
6,055;722,000
6,065;753,000
6,075;715,000
6,085;617,000
6,095;567,000
6,105;520,000
6,115;469,000
6,125;448,000
6,135;400,000
6,145;407,000
6,155;367,000
6,165;323,000
6,175;306,000
6,185;278,000
6,195;238,000
6,205;245,000
6,215;217,000
6,225;186,000
6,235;140,000
6,245;150,000
6,255;142,000
6,265;135,000
6,275;121,000
6,285;104,000
6,295;92,000
6,305;90,000
6,315;66,000
6,325;81,000
6,335;58,000
6,345;53,000
6,355;55,000
6,365;52,000
6,375;39,000
6,385;45,000
6,395;28,000
6,405;39,000
6,415;28,000
6,425;24,000
6,435;20,000
6,445;15,000
6,455;20,000
6,465;17,000
6,475;15,000
6,485;10,000
6,495;12,000
6,505;16,000
6,515;12,000
6,525;9,000
6,535;13,000
6,545;7,000
6,555;6,000
6,565;6,000
6,575;4,000
6,585;8,000
6,595;6,000
6,605;7,000
6,615;6,000
6,625;5,000
6,635;3,000
6,645;6,000
6,655;2,000
6,665;7,000
6,675;4,000
6,685;6,000
6,695;5,000
6,705;9,000
6,715;3,000
6,725;6,000
6,735;7,000
6,745;1,000
6,755;10,000
6,765;7,000
6,775;13,000
6,785;4,000
6,795;4,000
6,805;4,000
6,815;4,000
6,825;7,000
6,835;9,000
6,845;6,000
6,855;5,000
6,865;2,000
6,875;3,000
6,885;6,000
6,895;6,000
6,905;6,000
6,915;6,000
6,925;4,000
6,935;8,000
6,945;5,000
6,955;4,000
6,965;6,000
6,975;10,000
6,985;1,000
6,995;6,000
7,005;8,000
7,015;7,000
7,025;3,000
7,035;8,000
7,045;2,000
7,055;5,000
7,065;3,000
7,075;3,000
7,085;6,000
7,095;3,000
7,105;4,000
7,115;12,000
7,125;7,000
7,135;7,000
7,145;9,000
7,155;3,000
7,165;5,000
7,175;4,000
7,185;5,000
7,195;4,000
7,205;5,000
7,215;4,000
7,225;8,000
7,235;5,000
7,245;6,000
7,255;1,000
7,265;4,000
7,275;6,000
7,285;5,000
7,295;6,000
7,305;7,000
7,315;3,000
7,325;3,000
7,335;2,000
7,345;5,000
7,355;8,000
7,365;2,000
7,375;3,000
7,385;7,000
7,395;5,000
7,405;6,000
7,415;8,000
7,425;6,000
7,435;6,000
7,445;6,000
7,455;5,000
7,465;4,000
7,475;2,000
7,485;6,000
7,495;10,000
7,505;7,000
7,515;2,000
7,525;6,000
7,535;5,000
7,545;7,000
7,555;4,000
7,565;5,000
7,575;5,000
7,585;4,000
7,595;7,000
7,605;4,000
7,615;8,000
7,625;5,000
7,635;6,000
7,645;1,000
7,655;6,000
7,665;5,000
7,675;5,000
7,685;2,000
7,695;9,000
7,705;5,000
7,715;11,000
7,725;4,000
7,735;1,000
7,745;2,000
7,755;5,000
7,765;7,000
7,775;6,000
7,785;8,000
7,795;5,000
7,805;4,000
7,815;5,000
7,825;5,000
7,835;2,000
7,845;6,000
7,855;7,000
7,865;5,000
7,875;8,000
7,885;7,000
7,895;7,000
7,905;2,000
7,915;5,000
7,925;7,000
7,935;5,000
7,945;3,000
7,955;2,000
7,965;5,000
7,975;6,000
7,985;3,000
7,995;3,000
8,005;5,000
8,015;7,000
8,025;4,000
8,035;6,000
8,045;4,000
8,055;5,000
8,065;4,000
8,075;6,000
8,085;5,000
8,095;8,000
8,105;5,000
8,115;4,000
8,125;8,000
8,135;6,000
8,145;6,000
8,155;6,000
8,165;4,000
8,175;2,000
8,185;3,000
8,195;4,000
8,205;9,000
8,215;4,000
8,225;13,000
8,235;2,000
8,245;5,000
8,255;6,000
8,265;5,000
8,275;8,000
8,285;7,000
8,295;5,000
8,305;6,000
8,315;3,000
8,325;6,000
8,335;2,000
8,345;2,000
8,355;2,000
8,365;8,000
8,375;6,000
8,385;8,000
8,395;3,000
8,405;4,000
8,415;4,000
8,425;3,000
8,435;6,000
8,445;4,000
8,455;6,000
8,465;5,000
8,475;3,000
8,485;4,000
8,495;9,000
8,505;3,000
8,515;4,000
8,525;4,000
8,535;5,000
8,545;2,000
8,555;3,000
8,565;4,000
8,575;3,000
8,585;2,000
8,595;2,000
8,605;2,000
8,615;3,000
8,625;3,000
8,635;6,000
8,645;4,000
8,655;2,000
8,665;4,000
8,675;1,000
8,685;5,000
8,695;4,000
8,705;2,000
8,715;4,000
8,725;2,000
8,735;7,000
8,745;6,000
8,755;5,000
8,765;2,000
8,775;2,000
8,785;4,000
8,795;2,000
8,805;3,000
8,815;3,000
8,825;1,000
8,835;4,000
8,845;3,000
8,855;1,000
8,865;2,000
8,875;2,000
8,885;2,000
8,895;3,000
8,905;1,000
8,915;1,000
8,925;6,000
8,935;5,000
8,945;1,000
8,955;5,000
8,965;6,000
8,975;3,000
8,985;6,000
8,995;8,000
9,005;4,000
9,015;8,000
9,025;3,000
9,035;4,000
9,045;3,000
9,055;6,000
9,065;2,000
9,075;2,000
9,085;9,000
9,095;2,000
9,105;2,000
9,115;2,000
9,125;1,000
9,135;2,000
9,145;4,000
9,155;6,000
9,165;1,000
9,175;3,000
9,185;3,000
9,195;1,000
9,205;5,000
9,215;2,000
9,225;5,000
9,235;2,000
9,245;3,000
9,255;5,000
9,265;1,000
9,275;3,000
9,285;5,000
9,295;3,000
9,305;3,000
9,315;2,000
9,325;1,000
9,335;4,000
9,345;3,000
9,355;6,000
9,365;2,000
9,375;3,000
9,385;6,000
9,395;5,000
9,405;4,000
9,415;2,000
9,425;1,000
9,435;6,000
9,445;4,000
9,455;2,000
9,465;3,000
9,475;3,000
9,485;2,000
9,495;1,000
9,505;4,000
9,515;5,000
9,525;1,000
9,535;3,000
9,545;4,000
9,555;2,000
9,565;2,000
9,575;4,000
9,585;3,000
9,595;2,000
9,605;1,000
9,615;2,000
9,625;3,000
9,635;4,000
9,645;2,000
9,655;6,000
9,665;3,000
9,675;5,000
9,685;4,000
9,695;5,000
9,705;5,000
9,715;4,000
9,725;2,000
9,735;3,000
9,745;1,000
9,755;3,000
9,765;3,000
9,775;5,000
9,785;5,000
9,795;3,000
9,805;2,000
9,815;2,000
9,825;3,000
9,835;3,000
9,845;3,000
9,855;4,000
9,865;2,000
9,875;3,000
9,885;2,000
9,895;5,000
9,905;4,000
9,915;2,000
9,925;1,000
9,935;2,000
9,945;2,000
9,955;3,000
9,965;5,000
9,975;2,000
9,985;1,000
9,995;4,000
10,005;4,000
10,015;1,000
10,025;6,000
10,035;2,000
10,045;1,000
10,055;2,000
10,065;3,000
10,075;4,000
10,085;2,000
10,095;2,000
10,105;2,000
10,115;4,000
10,125;2,000
10,135;3,000
10,145;1,000
10,155;4,000
10,165;3,000
10,175;6,000
10,185;3,000
10,195;4,000
10,205;0,000
10,215;3,000
10,225;1,000
10,235;2,000
10,245;3,000
10,255;1,000
10,265;0,000
10,275;1,000
10,285;3,000
10,295;1,000
10,305;3,000
10,315;3,000
10,325;2,000
10,335;5,000
10,345;3,000
10,355;4,000
10,365;3,000
10,375;1,000
10,385;5,000
10,395;5,000
10,405;3,000
10,415;3,000
10,425;1,000
10,435;2,000
10,445;2,000
10,455;3,000
10,465;1,000
10,475;1,000
10,485;6,000
10,495;1,000
10,505;3,000
10,515;3,000
10,525;0,000
10,535;4,000
10,545;1,000
10,555;2,000
10,565;4,000
10,575;2,000
10,585;1,000
10,595;3,000
10,605;4,000
10,615;3,000
10,625;2,000
10,635;2,000
10,645;0,000
10,655;3,000
10,665;1,000
10,675;3,000
10,685;1,000
10,695;2,000
10,705;3,000
10,715;4,000
10,725;3,000
10,735;3,000
10,745;3,000
10,755;2,000
10,765;4,000
10,775;2,000
10,785;0,000
10,795;0,000
10,805;0,000
10,815;0,000
10,825;3,000
10,835;1,000
10,845;2,000
10,855;0,000
10,865;3,000
10,875;1,000
10,885;2,000
10,895;1,000
10,905;4,000
10,915;2,000
10,925;2,000
10,935;2,000
10,945;2,000
10,955;0,000
10,965;0,000
10,975;1,000
10,985;4,000
10,995;2,000
11,005;5,000
11,015;0,000
11,025;2,000
11,035;5,000
11,045;2,000
11,055;2,000
11,065;4,000
11,075;0,000
11,085;0,000
11,095;1,000
11,105;3,000
11,115;2,000
11,125;6,000
11,135;10,000
11,145;1,000
11,155;5,000
11,165;3,000
11,175;4,000
11,185;0,000
11,195;2,000
11,205;3,000
11,215;1,000
11,225;1,000
11,235;0,000
11,245;2,000
11,255;2,000
11,265;4,000
11,275;1,000
11,285;1,000
11,295;3,000
11,305;3,000
11,315;0,000
11,325;1,000
11,335;2,000
11,345;1,000
11,355;3,000
11,365;3,000
11,375;2,000
11,385;4,000
11,395;4,000
11,405;0,000
11,415;1,000
11,425;3,000
11,435;4,000
11,445;4,000
11,455;1,000
11,465;2,000
11,475;0,000
11,485;3,000
11,495;7,000
11,505;1,000
11,515;4,000
11,525;4,000
11,535;2,000
11,545;6,000
11,555;1,000
11,565;3,000
11,575;1,000
11,585;4,000
11,595;3,000
11,605;2,000
11,615;2,000
11,625;3,000
11,635;3,000
11,645;6,000
11,655;4,000
11,665;6,000
11,675;2,000
11,685;6,000
11,695;9,000
11,705;4,000
11,715;5,000
11,725;7,000
11,735;7,000
11,745;6,000
11,755;5,000
11,765;6,000
11,775;3,000
11,785;3,000
11,795;5,000
11,805;5,000
11,815;3,000
11,825;4,000
11,835;3,000
11,845;5,000
11,855;5,000
11,865;10,000
11,875;5,000
11,885;5,000
11,895;6,000
11,905;3,000
11,915;9,000
11,925;7,000
11,935;6,000
11,945;14,000
11,955;5,000
11,965;2,000
11,975;11,000
11,985;8,000
11,995;2,000
12,005;6,000
12,015;2,000
12,025;10,000
12,035;7,000
12,045;4,000
12,055;2,000
12,065;2,000
12,075;6,000
12,085;8,000
12,095;9,000
12,105;3,000
12,115;3,000
12,125;6,000
12,135;5,000
12,145;4,000
12,155;3,000
12,165;5,000
12,175;4,000
12,185;4,000
12,195;7,000
12,205;5,000
12,215;5,000
12,225;6,000
12,235;11,000
12,245;1,000
12,255;6,000
12,265;11,000
12,275;5,000
12,285;3,000
12,295;6,000
12,305;3,000
12,315;8,000
12,325;4,000
12,335;2,000
12,345;3,000
12,355;1,000
12,365;3,000
12,375;0,000
12,385;2,000
12,395;6,000
12,405;3,000
12,415;1,000
12,425;2,000
12,435;4,000
12,445;1,000
12,455;3,000
12,465;5,000
12,475;6,000
12,485;0,000
12,495;1,000
12,505;1,000
12,515;1,000
12,525;2,000
12,535;5,000
12,545;2,000
12,555;3,000
12,565;2,000
12,575;2,000
12,585;0,000
12,595;5,000
12,605;1,000
12,615;2,000
12,625;4,000
12,635;0,000
12,645;0,000
12,655;1,000
12,665;3,000
12,675;4,000
12,685;2,000
12,695;1,000
12,705;2,000
12,715;0,000
12,725;0,000
12,735;0,000
12,745;0,000
12,755;0,000
12,765;2,000
12,775;2,000
12,785;1,000
12,795;0,000
12,805;1,000
12,815;0,000
12,825;1,000
12,835;1,000
12,845;4,000
12,855;1,000
12,865;0,000
12,875;3,000
12,885;0,000
12,895;1,000
12,905;1,000
12,915;0,000
12,925;2,000
12,935;0,000
12,945;2,000
12,955;0,000
12,965;3,000
12,975;1,000
12,985;1,000
12,995;0,000
13,005;1,000
13,015;1,000
13,025;0,000
13,035;1,000
13,045;4,000
13,055;0,000
13,065;0,000
13,075;0,000
13,085;1,000
13,095;3,000
13,105;1,000
13,115;0,000
13,125;0,000
13,135;0,000
13,145;0,000
13,155;0,000
13,165;1,000
13,175;1,000
13,185;0,000
13,195;1,000
13,205;0,000
13,215;1,000
13,225;1,000
13,235;2,000
13,245;0,000
13,255;1,000
13,265;0,000
13,275;0,000
13,285;0,000
13,295;1,000
13,305;2,000
13,315;0,000
13,325;0,000
13,335;0,000
13,345;0,000
13,355;0,000
13,365;2,000
13,375;2,000
13,385;0,000
13,395;1,000
13,405;0,000
13,415;0,000
13,425;0,000
13,435;0,000
13,445;1,000
13,455;1,000
13,465;4,000
13,475;0,000
13,485;1,000
13,495;1,000
13,505;1,000
13,515;1,000
13,525;1,000
13,535;0,000
13,545;0,000
13,555;2,000
13,565;1,000
13,575;0,000
13,585;2,000
13,595;0,000
13,605;0,000
13,615;0,000
13,625;0,000
13,635;2,000
13,645;1,000
13,655;3,000
13,665;0,000
13,675;0,000
13,685;1,000
13,695;1,000
13,705;0,000
13,715;1,000
13,725;0,000
13,735;1,000
13,745;1,000
13,755;1,000
13,765;1,000
13,775;1,000
13,785;0,000
13,795;0,000
13,805;1,000
13,815;1,000
13,825;1,000
13,835;1,000
13,845;2,000
13,855;2,000
13,865;2,000
13,875;0,000
13,885;0,000
13,895;0,000
13,905;2,000
13,915;0,000
13,925;0,000
13,935;0,000
13,945;2,000
13,955;0,000
13,965;0,000
13,975;0,000
13,985;0,000
13,995;2,000
14,005;1,000
14,015;0,000
14,025;0,000
14,035;1,000
14,045;2,000
14,055;2,000
14,065;0,000
14,075;0,000
14,085;1,000
14,095;0,000
14,105;0,000
14,115;2,000
14,125;1,000
14,135;1,000
14,145;1,000
14,155;0,000
14,165;0,000
14,175;1,000
14,185;2,000
14,195;1,000
14,205;3,000
14,215;1,000
14,225;2,000
14,235;0,000
14,245;2,000
14,255;2,000
14,265;1,000
14,275;0,000
14,285;3,000
14,295;0,000
14,305;1,000
14,315;1,000
14,325;1,000
14,335;1,000
14,345;0,000
14,355;1,000
14,365;0,000
14,375;1,000
14,385;0,000
14,395;1,000
14,405;1,000
14,415;2,000
14,425;0,000
14,435;0,000
14,445;1,000
14,455;0,000
14,465;0,000
14,475;0,000
14,485;1,000
14,495;1,000
14,505;1,000
14,515;0,000
14,525;1,000
14,535;1,000
14,545;1,000
14,555;1,000
14,565;1,000
14,575;0,000
14,585;0,000
14,595;1,000
14,605;2,000
14,615;1,000
14,625;2,000
14,635;0,000
14,645;0,000
14,655;1,000
14,665;1,000
14,675;0,000
14,685;0,000
14,695;0,000
14,705;0,000
14,715;0,000
14,725;0,000
14,735;2,000
14,745;0,000
14,755;1,000
14,765;0,000
14,775;0,000
14,785;1,000
14,795;2,000
14,805;3,000
14,815;0,000
14,825;0,000
14,835;0,000
14,845;0,000
14,855;0,000
14,865;1,000
14,875;0,000
14,885;0,000
14,895;1,000
14,905;0,000
14,915;0,000
14,925;0,000
14,935;0,000
14,945;0,000
14,955;1,000
14,965;0,000
14,975;0,000
14,985;2,000
14,995;1,000
15,005;0,000
15,015;0,000
15,025;0,000
15,035;0,000
15,045;1,000
15,055;0,000
15,065;2,000
15,075;2,000
15,085;2,000
15,095;1,000
15,105;0,000
15,115;0,000
15,125;1,000
15,135;2,000
15,145;0,000
15,155;0,000
15,165;2,000
15,175;2,000
15,185;1,000
15,195;0,000
15,205;0,000
15,215;1,000
15,225;0,000
15,235;0,000
15,245;2,000
15,255;0,000
15,265;0,000
15,275;0,000
15,285;0,000
15,295;0,000
15,305;1,000
15,315;1,000
15,325;2,000
15,335;3,000
15,345;2,000
15,355;4,000
15,365;1,000
15,375;2,000
15,385;2,000
15,395;0,000
15,405;3,000
15,415;1,000
15,425;2,000
15,435;1,000
15,445;0,000
15,455;1,000
15,465;1,000
15,475;2,000
15,485;3,000
15,495;0,000
15,505;0,000
15,515;1,000
15,525;1,000
15,535;2,000
15,545;1,000
15,555;1,000
15,565;3,000
15,575;1,000
15,585;2,000
15,595;2,000
15,605;0,000
15,615;1,000
15,625;1,000
15,635;1,000
15,645;0,000
15,655;3,000
15,665;0,000
15,675;3,000
15,685;0,000
15,695;1,000
15,705;1,000
15,715;2,000
15,725;6,000
15,735;2,000
15,745;2,000
15,755;2,000
15,765;6,000
15,775;3,000
15,785;0,000
15,795;0,000
15,805;0,000
15,815;1,000
15,825;0,000
15,835;1,000
15,845;2,000
15,855;2,000
15,865;1,000
15,875;0,000
15,885;2,000
15,895;2,000
15,905;0,000
15,915;0,000
15,925;0,000
15,935;1,000
15,945;0,000
15,955;0,000
15,965;1,000
15,975;2,000
15,985;1,000
15,995;0,000
16,005;2,000
16,015;1,000
16,025;1,000
16,035;0,000
16,045;1,000
16,055;1,000
16,065;0,000
16,075;1,000
16,085;1,000
16,095;0,000
16,105;0,000
16,115;0,000
16,125;1,000
16,135;0,000
16,145;0,000
16,155;0,000
16,165;1,000
16,175;1,000
16,185;0,000
16,195;1,000
16,205;0,000
16,215;1,000
16,225;2,000
16,235;0,000
16,245;0,000
16,255;0,000
16,265;1,000
16,275;0,000
16,285;0,000
16,295;1,000
16,305;0,000
16,315;0,000
16,325;0,000
16,335;2,000
16,345;1,000
16,355;0,000
16,365;0,000
16,375;0,000
16,385;0,000
16,395;0,000
16,405;0,000
16,415;0,000
16,425;0,000
16,435;1,000
16,445;0,000
16,455;0,000
16,465;0,000
16,475;0,000
16,485;0,000
16,495;0,000
16,505;0,000
16,515;1,000
16,525;2,000
16,535;0,000
16,545;1,000
16,555;2,000
16,565;2,000
16,575;0,000
16,585;0,000
16,595;0,000
16,605;0,000
16,615;0,000
16,625;2,000
16,635;2,000
16,645;1,000
16,655;2,000
16,665;0,000
16,675;2,000
16,685;1,000
16,695;0,000
16,705;0,000
16,715;2,000
16,725;2,000
16,735;1,000
16,745;1,000
16,755;0,000
16,765;1,000
16,775;3,000
16,785;2,000
16,795;5,000
16,805;2,000
16,815;2,000
16,825;2,000
16,835;2,000
16,845;3,000
16,855;0,000
16,865;3,000
16,875;0,000
16,885;2,000
16,895;0,000
16,905;0,000
16,915;2,000
16,925;0,000
16,935;0,000
16,945;2,000
16,955;1,000
16,965;0,000
16,975;2,000
16,985;0,000
16,995;0,000
17,005;1,000
17,015;0,000
17,025;0,000
17,035;1,000
17,045;0,000
17,055;0,000
17,065;1,000
17,075;0,000
17,085;0,000
17,095;0,000
17,105;0,000
17,115;0,000
17,125;1,000
17,135;1,000
17,145;2,000
17,155;1,000
17,165;0,000
17,175;0,000
17,185;1,000
17,195;0,000
17,205;0,000
17,215;0,000
17,225;0,000
17,235;0,000
17,245;0,000
17,255;0,000
17,265;0,000
17,275;0,000
17,285;0,000
17,295;0,000
17,305;1,000
17,315;0,000
17,325;0,000
17,335;0,000
17,345;0,000
17,355;1,000
17,365;0,000
17,375;0,000
17,385;0,000
17,395;0,000
17,405;0,000
17,415;0,000
17,425;0,000
17,435;0,000
17,445;0,000
17,455;0,000
17,465;0,000
17,475;0,000
17,485;0,000
17,495;0,000
17,505;0,000
17,515;0,000
17,525;0,000
17,535;0,000
17,545;0,000
17,555;0,000
17,565;0,000
17,575;0,000
17,585;0,000
17,595;0,000
17,605;0,000
17,615;0,000
17,625;0,000
17,635;0,000
17,645;0,000
17,655;0,000
17,665;0,000
17,675;0,000
17,685;0,000
17,695;0,000
17,705;0,000
17,715;0,000
17,725;0,000
17,735;0,000
17,745;0,000
17,755;0,000
17,765;0,000
17,775;0,000
17,785;0,000
17,795;0,000
17,805;0,000
17,815;1,000
17,825;0,000
17,835;0,000
17,845;0,000
17,855;0,000
17,865;0,000
17,875;0,000
17,885;0,000
17,895;1,000
17,905;0,000
17,915;0,000
17,925;0,000
17,935;0,000
17,945;0,000
17,955;0,000
17,965;0,000
17,975;0,000
17,985;0,000
17,995;0,000
18,005;0,000
18,015;0,000
18,025;1,000
18,035;0,000
18,045;1,000
18,055;1,000
18,065;0,000
18,075;0,000
18,085;0,000
18,095;0,000
18,105;0,000
18,115;0,000
18,125;0,000
18,135;0,000
18,145;0,000
18,155;0,000
18,165;0,000
18,175;0,000
18,185;0,000
18,195;0,000
18,205;0,000
18,215;0,000
18,225;0,000
18,235;0,000
18,245;0,000
18,255;0,000
18,265;0,000
18,275;0,000
18,285;0,000
18,295;0,000
18,305;0,000
18,315;0,000
18,325;0,000
18,335;0,000
18,345;0,000
18,355;0,000
18,365;0,000
18,375;0,000
18,385;0,000
18,395;0,000
18,405;0,000
18,415;0,000
18,425;0,000
18,435;0,000
18,445;0,000
18,455;1,000
18,465;0,000
18,475;0,000
18,485;0,000
18,495;0,000
18,505;0,000
18,515;0,000
18,525;0,000
18,535;0,000
18,545;0,000
18,555;0,000
18,565;0,000
18,575;0,000
18,585;0,000
18,595;0,000
18,605;0,000
18,615;0,000
18,625;0,000
18,635;0,000
18,645;0,000
18,655;0,000
18,665;0,000
18,675;0,000
18,685;0,000
18,695;0,000
18,705;0,000
18,715;0,000
18,725;0,000
18,735;0,000
18,745;0,000
18,755;0,000
18,765;0,000
18,775;0,000
18,785;0,000
18,795;0,000
18,805;0,000
18,815;0,000
18,825;0,000
18,835;0,000
18,845;0,000
18,855;0,000
18,865;0,000
18,875;0,000
18,885;0,000
18,895;0,000
18,905;1,000
18,915;0,000
18,925;1,000
18,935;0,000
18,945;0,000
18,955;0,000
18,965;0,000
18,975;0,000
18,985;0,000
18,995;0,000
19,005;0,000
19,015;0,000
19,025;0,000
19,035;0,000
19,045;0,000
19,055;0,000
19,065;0,000
19,075;0,000
19,085;0,000
19,095;0,000
19,105;0,000
19,115;0,000
19,125;0,000
19,135;0,000
19,145;0,000
19,155;0,000
19,165;0,000
19,175;0,000
19,185;0,000
19,195;0,000
19,205;0,000
19,215;0,000
19,225;0,000
19,235;0,000
19,245;0,000
19,255;0,000
19,265;0,000
19,275;0,000
19,285;0,000
19,295;0,000
19,305;0,000
19,315;0,000
19,325;0,000
19,335;0,000
19,345;0,000
19,355;0,000
19,365;0,000
19,375;0,000
19,385;0,000
19,395;0,000
19,405;0,000
19,415;0,000
19,425;0,000
19,435;0,000
19,445;0,000
19,455;0,000
19,465;0,000
19,475;0,000
19,485;0,000
19,495;0,000
19,505;0,000
19,515;0,000
19,525;0,000
19,535;0,000
19,545;0,000
19,555;0,000
19,565;0,000
19,575;0,000
19,585;0,000
19,595;0,000
19,605;0,000
19,615;0,000
19,625;0,000
19,635;0,000
19,645;0,000
19,655;0,000
19,665;0,000
19,675;0,000
19,685;0,000
19,695;0,000
19,705;0,000
19,715;0,000
19,725;0,000
19,735;0,000
19,745;0,000
19,755;0,000
19,765;0,000
19,775;0,000
19,785;0,000
19,795;0,000
19,805;0,000
19,815;0,000
19,825;0,000
19,835;0,000
19,845;0,000
19,855;0,000
19,865;0,000
19,875;0,000
19,885;0,000
19,895;0,000
19,905;0,000
19,915;0,000
19,925;87,000
19,935;0,000
19,945;0,000
19,955;1,000
19,965;0,000
19,975;0,000
19,985;0,000
19,995;33,000
