0,005;0,000
0,015;0,000
0,025;0,000
0,035;0,000
0,045;0,000
0,055;0,000
0,065;0,000
0,075;0,000
0,085;0,000
0,095;0,000
0,105;0,000
0,115;0,000
0,125;0,000
0,135;0,000
0,145;0,000
0,155;0,000
0,165;0,000
0,175;0,000
0,185;0,000
0,195;0,000
0,205;0,000
0,215;0,000
0,225;0,000
0,235;0,000
0,245;0,000
0,255;0,000
0,265;0,000
0,275;0,000
0,285;0,000
0,295;0,000
0,305;0,000
0,315;0,000
0,325;0,000
0,335;0,000
0,345;0,000
0,355;0,000
0,365;0,000
0,375;0,000
0,385;0,000
0,395;0,000
0,405;0,000
0,415;0,000
0,425;0,000
0,435;0,000
0,445;0,000
0,455;0,000
0,465;0,000
0,475;0,000
0,485;0,000
0,495;0,000
0,505;0,000
0,515;0,000
0,525;0,000
0,535;0,000
0,545;0,000
0,555;0,000
0,565;0,000
0,575;0,000
0,585;0,000
0,595;0,000
0,605;0,000
0,615;0,000
0,625;0,000
0,635;0,000
0,645;0,000
0,655;0,000
0,665;0,000
0,675;0,000
0,685;0,000
0,695;0,000
0,705;0,000
0,715;0,000
0,725;0,000
0,735;0,000
0,745;0,000
0,755;0,000
0,765;0,000
0,775;0,000
0,785;0,000
0,795;0,000
0,805;0,000
0,815;0,000
0,825;0,000
0,835;0,000
0,845;0,000
0,855;0,000
0,865;0,000
0,875;0,000
0,885;0,000
0,895;0,000
0,905;0,000
0,915;0,000
0,925;0,000
0,935;0,000
0,945;0,000
0,955;0,000
0,965;0,000
0,975;0,000
0,985;0,000
0,995;0,000
1,005;0,000
1,015;0,000
1,025;0,000
1,035;0,000
1,045;0,000
1,055;0,000
1,065;0,000
1,075;0,000
1,085;0,000
1,095;0,000
1,105;0,000
1,115;0,000
1,125;0,000
1,135;0,000
1,145;0,000
1,155;0,000
1,165;0,000
1,175;0,000
1,185;0,000
1,195;0,000
1,205;0,000
1,215;0,000
1,225;0,000
1,235;0,000
1,245;0,000
1,255;0,000
1,265;0,000
1,275;0,000
1,285;0,000
1,295;0,000
1,305;0,000
1,315;0,000
1,325;0,000
1,335;0,000
1,345;0,000
1,355;0,000
1,365;0,000
1,375;0,000
1,385;0,000
1,395;0,000
1,405;0,000
1,415;0,000
1,425;0,000
1,435;0,000
1,445;0,000
1,455;0,000
1,465;1,000
1,475;17,000
1,485;48,000
1,495;126,000
1,505;173,000
1,515;170,000
1,525;195,000
1,535;176,000
1,545;144,000
1,555;171,000
1,565;126,000
1,575;206,000
1,585;154,000
1,595;186,000
1,605;182,000
1,615;167,000
1,625;175,000
1,635;158,000
1,645;152,000
1,655;182,000
1,665;185,000
1,675;170,000
1,685;176,000
1,695;192,000
1,705;156,000
1,715;168,000
1,725;187,000
1,735;150,000
1,745;140,000
1,755;158,000
1,765;161,000
1,775;173,000
1,785;170,000
1,795;181,000
1,805;124,000
1,815;174,000
1,825;168,000
1,835;181,000
1,845;181,000
1,855;168,000
1,865;173,000
1,875;162,000
1,885;158,000
1,895;166,000
1,905;155,000
1,915;147,000
1,925;149,000
1,935;150,000
1,945;161,000
1,955;145,000
1,965;138,000
1,975;131,000
1,985;171,000
1,995;153,000
2,005;175,000
2,015;155,000
2,025;153,000
2,035;136,000
2,045;164,000
2,055;149,000
2,065;136,000
2,075;121,000
2,085;147,000
2,095;165,000
2,105;157,000
2,115;154,000
2,125;170,000
2,135;136,000
2,145;136,000
2,155;158,000
2,165;160,000
2,175;153,000
2,185;150,000
2,195;151,000
2,205;143,000
2,215;164,000
2,225;142,000
2,235;132,000
2,245;140,000
2,255;157,000
2,265;131,000
2,275;132,000
2,285;127,000
2,295;136,000
2,305;150,000
2,315;136,000
2,325;124,000
2,335;130,000
2,345;123,000
2,355;158,000
2,365;125,000
2,375;143,000
2,385;151,000
2,395;119,000
2,405;112,000
2,415;136,000
2,425;128,000
2,435;120,000
2,445;101,000
2,455;123,000
2,465;125,000
2,475;121,000
2,485;140,000
2,495;108,000
2,505;123,000
2,515;132,000
2,525;132,000
2,535;114,000
2,545;126,000
2,555;110,000
2,565;120,000
2,575;112,000
2,585;104,000
2,595;118,000
2,605;105,000
2,615;130,000
2,625;114,000
2,635;113,000
2,645;112,000
2,655;97,000
2,665;96,000
2,675;110,000
2,685;115,000
2,695;101,000
2,705;100,000
2,715;120,000
2,725;125,000
2,735;121,000
2,745;122,000
2,755;116,000
2,765;104,000
2,775;122,000
2,785;129,000
2,795;115,000
2,805;111,000
2,815;115,000
2,825;113,000
2,835;112,000
2,845;108,000
2,855;113,000
2,865;93,000
2,875;125,000
2,885;106,000
2,895;85,000
2,905;115,000
2,915;101,000
2,925;108,000
2,935;116,000
2,945;119,000
2,955;109,000
2,965;100,000
2,975;89,000
2,985;98,000
2,995;88,000
3,005;93,000
3,015;112,000
3,025;97,000
3,035;78,000
3,045;108,000
3,055;95,000
3,065;97,000
3,075;109,000
3,085;113,000
3,095;73,000
3,105;128,000
3,115;96,000
3,125;103,000
3,135;110,000
3,145;111,000
3,155;99,000
3,165;110,000
3,175;84,000
3,185;99,000
3,195;101,000
3,205;102,000
3,215;92,000
3,225;91,000
3,235;104,000
3,245;94,000
3,255;95,000
3,265;105,000
3,275;99,000
3,285;126,000
3,295;113,000
3,305;105,000
3,315;98,000
3,325;92,000
3,335;108,000
3,345;97,000
3,355;90,000
3,365;111,000
3,375;100,000
3,385;87,000
3,395;75,000
3,405;97,000
3,415;96,000
3,425;89,000
3,435;72,000
3,445;75,000
3,455;113,000
3,465;95,000
3,475;103,000
3,485;81,000
3,495;91,000
3,505;86,000
3,515;80,000
3,525;87,000
3,535;99,000
3,545;104,000
3,555;98,000
3,565;73,000
3,575;94,000
3,585;79,000
3,595;94,000
3,605;70,000
3,615;100,000
3,625;87,000
3,635;93,000
3,645;79,000
3,655;73,000
3,665;88,000
3,675;75,000
3,685;101,000
3,695;81,000
3,705;100,000
3,715;85,000
3,725;79,000
3,735;90,000
3,745;102,000
3,755;88,000
3,765;98,000
3,775;81,000
3,785;102,000
3,795;84,000
3,805;89,000
3,815;85,000
3,825;74,000
3,835;77,000
3,845;80,000
3,855;74,000
3,865;78,000
3,875;93,000
3,885;89,000
3,895;84,000
3,905;86,000
3,915;91,000
3,925;82,000
3,935;75,000
3,945;77,000
3,955;86,000
3,965;75,000
3,975;94,000
3,985;97,000
3,995;69,000
4,005;64,000
4,015;83,000
4,025;81,000
4,035;76,000
4,045;86,000
4,055;87,000
4,065;82,000
4,075;89,000
4,085;84,000
4,095;67,000
4,105;94,000
4,115;78,000
4,125;72,000
4,135;94,000
4,145;87,000
4,155;94,000
4,165;69,000
4,175;85,000
4,185;85,000
4,195;81,000
4,205;79,000
4,215;75,000
4,225;69,000
4,235;94,000
4,245;99,000
4,255;78,000
4,265;65,000
4,275;93,000
4,285;80,000
4,295;96,000
4,305;83,000
4,315;76,000
4,325;67,000
4,335;71,000
4,345;79,000
4,355;89,000
4,365;74,000
4,375;73,000
4,385;81,000
4,395;83,000
4,405;83,000
4,415;83,000
4,425;80,000
4,435;109,000
4,445;96,000
4,455;80,000
4,465;80,000
4,475;74,000
4,485;84,000
4,495;72,000
4,505;64,000
4,515;84,000
4,525;70,000
4,535;101,000
4,545;68,000
4,555;85,000
4,565;76,000
4,575;82,000
4,585;90,000
4,595;75,000
4,605;92,000
4,615;80,000
4,625;69,000
4,635;76,000
4,645;98,000
4,655;78,000
4,665;94,000
4,675;85,000
4,685;90,000
4,695;81,000
4,705;71,000
4,715;73,000
4,725;62,000
4,735;68,000
4,745;99,000
4,755;75,000
4,765;85,000
4,775;79,000
4,785;72,000
4,795;79,000
4,805;65,000
4,815;87,000
4,825;89,000
4,835;64,000
4,845;84,000
4,855;66,000
4,865;85,000
4,875;72,000
4,885;78,000
4,895;72,000
4,905;77,000
4,915;86,000
4,925;89,000
4,935;71,000
4,945;74,000
4,955;88,000
4,965;75,000
4,975;60,000
4,985;74,000
4,995;83,000
5,005;83,000
5,015;75,000
5,025;88,000
5,035;76,000
5,045;86,000
5,055;64,000
5,065;66,000
5,075;78,000
5,085;95,000
5,095;62,000
5,105;84,000
5,115;73,000
5,125;76,000
5,135;70,000
5,145;92,000
5,155;72,000
5,165;79,000
5,175;90,000
5,185;81,000
5,195;88,000
5,205;84,000
5,215;78,000
5,225;71,000
5,235;70,000
5,245;78,000
5,255;59,000
5,265;62,000
5,275;89,000
5,285;74,000
5,295;66,000
5,305;73,000
5,315;85,000
5,325;76,000
5,335;75,000
5,345;64,000
5,355;67,000
5,365;75,000
5,375;77,000
5,385;87,000
5,395;84,000
5,405;80,000
5,415;70,000
5,425;66,000
5,435;86,000
5,445;75,000
5,455;84,000
5,465;83,000
5,475;71,000
5,485;69,000
5,495;85,000
5,505;87,000
5,515;64,000
5,525;72,000
5,535;73,000
5,545;78,000
5,555;74,000
5,565;75,000
5,575;59,000
5,585;99,000
5,595;87,000
5,605;78,000
5,615;78,000
5,625;63,000
5,635;90,000
5,645;63,000
5,655;61,000
5,665;72,000
5,675;68,000
5,685;78,000
5,695;72,000
5,705;57,000
5,715;72,000
5,725;75,000
5,735;62,000
5,745;76,000
5,755;66,000
5,765;61,000
5,775;84,000
5,785;61,000
5,795;80,000
5,805;68,000
5,815;63,000
5,825;69,000
5,835;62,000
5,845;64,000
5,855;64,000
5,865;64,000
5,875;66,000
5,885;69,000
5,895;68,000
5,905;84,000
5,915;66,000
5,925;52,000
5,935;62,000
5,945;78,000
5,955;75,000
5,965;62,000
5,975;53,000
5,985;78,000
5,995;60,000
6,005;69,000
6,015;70,000
6,025;67,000
6,035;65,000
6,045;61,000
6,055;67,000
6,065;70,000
6,075;72,000
6,085;64,000
6,095;70,000
6,105;68,000
6,115;76,000
6,125;68,000
6,135;74,000
6,145;74,000
6,155;89,000
6,165;85,000
6,175;62,000
6,185;58,000
6,195;84,000
6,205;74,000
6,215;73,000
6,225;80,000
6,235;64,000
6,245;72,000
6,255;67,000
6,265;73,000
6,275;82,000
6,285;54,000
6,295;49,000
6,305;83,000
6,315;72,000
6,325;58,000
6,335;64,000
6,345;86,000
6,355;74,000
6,365;56,000
6,375;68,000
6,385;66,000
6,395;74,000
6,405;81,000
6,415;59,000
6,425;65,000
6,435;66,000
6,445;62,000
6,455;74,000
6,465;65,000
6,475;87,000
6,485;63,000
6,495;78,000
6,505;71,000
6,515;72,000
6,525;70,000
6,535;69,000
6,545;79,000
6,555;62,000
6,565;71,000
6,575;78,000
6,585;75,000
6,595;62,000
6,605;70,000
6,615;64,000
6,625;58,000
6,635;62,000
6,645;73,000
6,655;60,000
6,665;91,000
6,675;66,000
6,685;61,000
6,695;70,000
6,705;77,000
6,715;59,000
6,725;64,000
6,735;77,000
6,745;70,000
6,755;66,000
6,765;65,000
6,775;75,000
6,785;54,000
6,795;71,000
6,805;73,000
6,815;65,000
6,825;61,000
6,835;65,000
6,845;56,000
6,855;92,000
6,865;61,000
6,875;76,000
6,885;68,000
6,895;58,000
6,905;61,000
6,915;49,000
6,925;74,000
6,935;60,000
6,945;65,000
6,955;67,000
6,965;77,000
6,975;67,000
6,985;69,000
6,995;68,000
7,005;60,000
7,015;76,000
7,025;58,000
7,035;58,000
7,045;68,000
7,055;60,000
7,065;57,000
7,075;96,000
7,085;66,000
7,095;65,000
7,105;79,000
7,115;74,000
7,125;66,000
7,135;67,000
7,145;79,000
7,155;69,000
7,165;75,000
7,175;73,000
7,185;74,000
7,195;77,000
7,205;58,000
7,215;66,000
7,225;57,000
7,235;63,000
7,245;74,000
7,255;64,000
7,265;84,000
7,275;82,000
7,285;88,000
7,295;69,000
7,305;75,000
7,315;60,000
7,325;58,000
7,335;56,000
7,345;73,000
7,355;69,000
7,365;87,000
7,375;61,000
7,385;62,000
7,395;64,000
7,405;66,000
7,415;85,000
7,425;78,000
7,435;60,000
7,445;77,000
7,455;70,000
7,465;76,000
7,475;60,000
7,485;84,000
7,495;67,000
7,505;58,000
7,515;71,000
7,525;66,000
7,535;78,000
7,545;70,000
7,555;59,000
7,565;67,000
7,575;62,000
7,585;78,000
7,595;75,000
7,605;62,000
7,615;62,000
7,625;68,000
7,635;66,000
7,645;68,000
7,655;59,000
7,665;60,000
7,675;65,000
7,685;68,000
7,695;72,000
7,705;81,000
7,715;57,000
7,725;66,000
7,735;81,000
7,745;68,000
7,755;76,000
7,765;68,000
7,775;87,000
7,785;82,000
7,795;63,000
7,805;65,000
7,815;78,000
7,825;59,000
7,835;53,000
7,845;66,000
7,855;71,000
7,865;74,000
7,875;51,000
7,885;57,000
7,895;65,000
7,905;54,000
7,915;63,000
7,925;67,000
7,935;71,000
7,945;63,000
7,955;59,000
7,965;68,000
7,975;59,000
7,985;53,000
7,995;66,000
8,005;82,000
8,015;59,000
8,025;62,000
8,035;50,000
8,045;54,000
8,055;64,000
8,065;54,000
8,075;58,000
8,085;58,000
8,095;70,000
8,105;57,000
8,115;58,000
8,125;65,000
8,135;63,000
8,145;75,000
8,155;49,000
8,165;67,000
8,175;59,000
8,185;53,000
8,195;43,000
8,205;56,000
8,215;57,000
8,225;45,000
8,235;53,000
8,245;59,000
8,255;62,000
8,265;60,000
8,275;55,000
8,285;59,000
8,295;51,000
8,305;58,000
8,315;48,000
8,325;48,000
8,335;61,000
8,345;52,000
8,355;50,000
8,365;47,000
8,375;52,000
8,385;57,000
8,395;56,000
8,405;52,000
8,415;54,000
8,425;57,000
8,435;58,000
8,445;49,000
8,455;50,000
8,465;45,000
8,475;42,000
8,485;51,000
8,495;45,000
8,505;47,000
8,515;49,000
8,525;47,000
8,535;51,000
8,545;48,000
8,555;65,000
8,565;55,000
8,575;55,000
8,585;47,000
8,595;62,000
8,605;54,000
8,615;47,000
8,625;47,000
8,635;51,000
8,645;37,000
8,655;43,000
8,665;49,000
8,675;47,000
8,685;50,000
8,695;50,000
8,705;44,000
8,715;52,000
8,725;46,000
8,735;46,000
8,745;43,000
8,755;49,000
8,765;39,000
8,775;53,000
8,785;43,000
8,795;48,000
8,805;47,000
8,815;42,000
8,825;57,000
8,835;38,000
8,845;46,000
8,855;55,000
8,865;61,000
8,875;46,000
8,885;43,000
8,895;60,000
8,905;43,000
8,915;47,000
8,925;45,000
8,935;50,000
8,945;53,000
8,955;43,000
8,965;33,000
8,975;51,000
8,985;44,000
8,995;42,000
9,005;42,000
9,015;54,000
9,025;46,000
9,035;44,000
9,045;42,000
9,055;51,000
9,065;43,000
9,075;38,000
9,085;43,000
9,095;53,000
9,105;38,000
9,115;38,000
9,125;46,000
9,135;48,000
9,145;42,000
9,155;56,000
9,165;41,000
9,175;53,000
9,185;45,000
9,195;44,000
9,205;41,000
9,215;44,000
9,225;42,000
9,235;40,000
9,245;61,000
9,255;52,000
9,265;45,000
9,275;53,000
9,285;49,000
9,295;50,000
9,305;48,000
9,315;58,000
9,325;64,000
9,335;42,000
9,345;67,000
9,355;48,000
9,365;54,000
9,375;54,000
9,385;56,000
9,395;66,000
9,405;59,000
9,415;78,000
9,425;77,000
9,435;58,000
9,445;68,000
9,455;73,000
9,465;78,000
9,475;86,000
9,485;78,000
9,495;91,000
9,505;85,000
9,515;85,000
9,525;64,000
9,535;90,000
9,545;85,000
9,555;77,000
9,565;97,000
9,575;92,000
9,585;104,000
9,595;113,000
9,605;111,000
9,615;104,000
9,625;130,000
9,635;114,000
9,645;124,000
9,655;126,000
9,665;123,000
9,675;121,000
9,685;131,000
9,695;137,000
9,705;115,000
9,715;120,000
9,725;162,000
9,735;153,000
9,745;134,000
9,755;140,000
9,765;151,000
9,775;145,000
9,785;138,000
9,795;129,000
9,805;147,000
9,815;154,000
9,825;113,000
9,835;132,000
9,845;148,000
9,855;143,000
9,865;147,000
9,875;145,000
9,885;126,000
9,895;103,000
9,905;141,000
9,915;111,000
9,925;142,000
9,935;136,000
9,945;143,000
9,955;118,000
9,965;122,000
9,975;123,000
9,985;119,000
9,995;128,000
10,005;121,000
10,015;118,000
10,025;110,000
10,035;101,000
10,045;99,000
10,055;105,000
10,065;95,000
10,075;101,000
10,085;104,000
10,095;94,000
10,105;101,000
10,115;82,000
10,125;84,000
10,135;72,000
10,145;77,000
10,155;74,000
10,165;79,000
10,175;74,000
10,185;66,000
10,195;46,000
10,205;55,000
10,215;56,000
10,225;65,000
10,235;58,000
10,245;53,000
10,255;50,000
10,265;47,000
10,275;54,000
10,285;47,000
10,295;37,000
10,305;37,000
10,315;47,000
10,325;35,000
10,335;35,000
10,345;29,000
10,355;32,000
10,365;44,000
10,375;43,000
10,385;42,000
10,395;38,000
10,405;34,000
10,415;32,000
10,425;33,000
10,435;34,000
10,445;34,000
10,455;31,000
10,465;26,000
10,475;29,000
10,485;27,000
10,495;45,000
10,505;34,000
10,515;30,000
10,525;46,000
10,535;28,000
10,545;29,000
10,555;33,000
10,565;49,000
10,575;46,000
10,585;33,000
10,595;42,000
10,605;35,000
10,615;44,000
10,625;49,000
10,635;54,000
10,645;48,000
10,655;51,000
10,665;62,000
10,675;56,000
10,685;56,000
10,695;59,000
10,705;64,000
10,715;56,000
10,725;55,000
10,735;74,000
10,745;63,000
10,755;80,000
10,765;68,000
10,775;58,000
10,785;82,000
10,795;89,000
10,805;84,000
10,815;87,000
10,825;82,000
10,835;77,000
10,845;84,000
10,855;112,000
10,865;93,000
10,875;118,000
10,885;100,000
10,895;105,000
10,905;102,000
10,915;116,000
10,925;102,000
10,935;104,000
10,945;107,000
10,955;125,000
10,965;122,000
10,975;101,000
10,985;112,000
10,995;141,000
11,005;117,000
11,015;130,000
11,025;130,000
11,035;110,000
11,045;126,000
11,055;113,000
11,065;106,000
11,075;112,000
11,085;108,000
11,095;120,000
11,105;130,000
11,115;104,000
11,125;129,000
11,135;104,000
11,145;98,000
11,155;98,000
11,165;97,000
11,175;101,000
11,185;91,000
11,195;93,000
11,205;97,000
11,215;86,000
11,225;89,000
11,235;93,000
11,245;92,000
11,255;79,000
11,265;75,000
11,275;79,000
11,285;86,000
11,295;72,000
11,305;71,000
11,315;55,000
11,325;63,000
11,335;67,000
11,345;54,000
11,355;52,000
11,365;50,000
11,375;51,000
11,385;58,000
11,395;52,000
11,405;46,000
11,415;48,000
11,425;47,000
11,435;51,000
11,445;31,000
11,455;39,000
11,465;38,000
11,475;44,000
11,485;36,000
11,495;25,000
11,505;30,000
11,515;28,000
11,525;29,000
11,535;18,000
11,545;29,000
11,555;32,000
11,565;24,000
11,575;25,000
11,585;27,000
11,595;17,000
11,605;26,000
11,615;10,000
11,625;21,000
11,635;23,000
11,645;13,000
11,655;17,000
11,665;19,000
11,675;18,000
11,685;12,000
11,695;13,000
11,705;18,000
11,715;13,000
11,725;10,000
11,735;13,000
11,745;10,000
11,755;11,000
11,765;12,000
11,775;13,000
11,785;10,000
11,795;13,000
11,805;8,000
11,815;12,000
11,825;14,000
11,835;6,000
11,845;10,000
11,855;3,000
11,865;6,000
11,875;10,000
11,885;9,000
11,895;8,000
11,905;9,000
11,915;11,000
11,925;16,000
11,935;12,000
11,945;16,000
11,955;14,000
11,965;10,000
11,975;9,000
11,985;10,000
11,995;11,000
12,005;11,000
12,015;9,000
12,025;10,000
12,035;5,000
12,045;7,000
12,055;5,000
12,065;7,000
12,075;7,000
12,085;6,000
12,095;6,000
12,105;4,000
12,115;6,000
12,125;1,000
12,135;11,000
12,145;8,000
12,155;9,000
12,165;3,000
12,175;4,000
12,185;8,000
12,195;8,000
12,205;4,000
12,215;8,000
12,225;5,000
12,235;3,000
12,245;5,000
12,255;5,000
12,265;7,000
12,275;6,000
12,285;5,000
12,295;6,000
12,305;4,000
12,315;7,000
12,325;5,000
12,335;4,000
12,345;10,000
12,355;5,000
12,365;3,000
12,375;3,000
12,385;7,000
12,395;1,000
12,405;3,000
12,415;2,000
12,425;3,000
12,435;3,000
12,445;2,000
12,455;3,000
12,465;1,000
12,475;4,000
12,485;2,000
12,495;5,000
12,505;3,000
12,515;5,000
12,525;2,000
12,535;4,000
12,545;3,000
12,555;2,000
12,565;7,000
12,575;2,000
12,585;1,000
12,595;4,000
12,605;3,000
12,615;3,000
12,625;1,000
12,635;0,000
12,645;1,000
12,655;2,000
12,665;0,000
12,675;2,000
12,685;1,000
12,695;2,000
12,705;4,000
12,715;0,000
12,725;1,000
12,735;1,000
12,745;0,000
12,755;3,000
12,765;1,000
12,775;3,000
12,785;2,000
12,795;0,000
12,805;1,000
12,815;4,000
12,825;2,000
12,835;1,000
12,845;1,000
12,855;2,000
12,865;3,000
12,875;2,000
12,885;3,000
12,895;2,000
12,905;3,000
12,915;3,000
12,925;4,000
12,935;1,000
12,945;2,000
12,955;2,000
12,965;6,000
12,975;0,000
12,985;2,000
12,995;4,000
13,005;0,000
13,015;1,000
13,025;2,000
13,035;0,000
13,045;1,000
13,055;3,000
13,065;1,000
13,075;0,000
13,085;0,000
13,095;1,000
13,105;2,000
13,115;0,000
13,125;0,000
13,135;1,000
13,145;2,000
13,155;3,000
13,165;0,000
13,175;1,000
13,185;1,000
13,195;4,000
13,205;1,000
13,215;0,000
13,225;1,000
13,235;2,000
13,245;6,000
13,255;1,000
13,265;2,000
13,275;0,000
13,285;1,000
13,295;1,000
13,305;0,000
13,315;2,000
13,325;3,000
13,335;0,000
13,345;1,000
13,355;3,000
13,365;1,000
13,375;0,000
13,385;3,000
13,395;3,000
13,405;1,000
13,415;1,000
13,425;1,000
13,435;1,000
13,445;1,000
13,455;2,000
13,465;4,000
13,475;1,000
13,485;0,000
13,495;1,000
13,505;1,000
13,515;0,000
13,525;0,000
13,535;3,000
13,545;0,000
13,555;3,000
13,565;1,000
13,575;0,000
13,585;0,000
13,595;1,000
13,605;2,000
13,615;1,000
13,625;0,000
13,635;0,000
13,645;1,000
13,655;2,000
13,665;0,000
13,675;2,000
13,685;0,000
13,695;0,000
13,705;0,000
13,715;1,000
13,725;2,000
13,735;1,000
13,745;2,000
13,755;0,000
13,765;2,000
13,775;0,000
13,785;3,000
13,795;1,000
13,805;1,000
13,815;1,000
13,825;0,000
13,835;0,000
13,845;1,000
13,855;4,000
13,865;1,000
13,875;2,000
13,885;2,000
13,895;0,000
13,905;1,000
13,915;3,000
13,925;2,000
13,935;2,000
13,945;0,000
13,955;5,000
13,965;3,000
13,975;1,000
13,985;1,000
13,995;1,000
14,005;1,000
14,015;4,000
14,025;2,000
14,035;0,000
14,045;0,000
14,055;1,000
14,065;3,000
14,075;0,000
14,085;0,000
14,095;2,000
14,105;1,000
14,115;1,000
14,125;0,000
14,135;1,000
14,145;3,000
14,155;3,000
14,165;3,000
14,175;0,000
14,185;3,000
14,195;1,000
14,205;2,000
14,215;1,000
14,225;0,000
14,235;1,000
14,245;1,000
14,255;3,000
14,265;1,000
14,275;2,000
14,285;0,000
14,295;0,000
14,305;0,000
14,315;1,000
14,325;0,000
14,335;1,000
14,345;1,000
14,355;1,000
14,365;0,000
14,375;0,000
14,385;1,000
14,395;0,000
14,405;1,000
14,415;2,000
14,425;0,000
14,435;2,000
14,445;2,000
14,455;3,000
14,465;1,000
14,475;1,000
14,485;0,000
14,495;0,000
14,505;1,000
14,515;3,000
14,525;0,000
14,535;1,000
14,545;1,000
14,555;3,000
14,565;2,000
14,575;1,000
14,585;1,000
14,595;1,000
14,605;2,000
14,615;2,000
14,625;0,000
14,635;1,000
14,645;2,000
14,655;1,000
14,665;0,000
14,675;2,000
14,685;1,000
14,695;0,000
14,705;0,000
14,715;2,000
14,725;1,000
14,735;1,000
14,745;3,000
14,755;0,000
14,765;1,000
14,775;1,000
14,785;0,000
14,795;1,000
14,805;0,000
14,815;3,000
14,825;1,000
14,835;1,000
14,845;1,000
14,855;1,000
14,865;1,000
14,875;2,000
14,885;0,000
14,895;4,000
14,905;3,000
14,915;5,000
14,925;1,000
14,935;1,000
14,945;0,000
14,955;2,000
14,965;1,000
14,975;0,000
14,985;2,000
14,995;0,000
15,005;0,000
15,015;0,000
15,025;1,000
15,035;0,000
15,045;1,000
15,055;0,000
15,065;0,000
15,075;0,000
15,085;0,000
15,095;2,000
15,105;0,000
15,115;1,000
15,125;0,000
15,135;1,000
15,145;3,000
15,155;0,000
15,165;1,000
15,175;0,000
15,185;1,000
15,195;0,000
15,205;0,000
15,215;0,000
15,225;3,000
15,235;1,000
15,245;1,000
15,255;3,000
15,265;0,000
15,275;0,000
15,285;0,000
15,295;1,000
15,305;0,000
15,315;2,000
15,325;2,000
15,335;1,000
15,345;4,000
15,355;3,000
15,365;8,000
15,375;3,000
15,385;2,000
15,395;3,000
15,405;1,000
15,415;1,000
15,425;1,000
15,435;2,000
15,445;2,000
15,455;3,000
15,465;5,000
15,475;4,000
15,485;0,000
15,495;5,000
15,505;2,000
15,515;4,000
15,525;2,000
15,535;2,000
15,545;2,000
15,555;3,000
15,565;1,000
15,575;3,000
15,585;2,000
15,595;4,000
15,605;6,000
15,615;7,000
15,625;3,000
15,635;2,000
15,645;3,000
15,655;1,000
15,665;2,000
15,675;2,000
15,685;0,000
15,695;1,000
15,705;3,000
15,715;2,000
15,725;3,000
15,735;7,000
15,745;4,000
15,755;2,000
15,765;3,000
15,775;4,000
15,785;1,000
15,795;2,000
15,805;2,000
15,815;0,000
15,825;3,000
15,835;3,000
15,845;2,000
15,855;5,000
15,865;2,000
15,875;3,000
15,885;1,000
15,895;1,000
15,905;1,000
15,915;4,000
15,925;1,000
15,935;1,000
15,945;2,000
15,955;4,000
15,965;0,000
15,975;1,000
15,985;2,000
15,995;1,000
16,005;2,000
16,015;0,000
16,025;1,000
16,035;0,000
16,045;0,000
16,055;2,000
16,065;4,000
16,075;2,000
16,085;0,000
16,095;3,000
16,105;1,000
16,115;3,000
16,125;1,000
16,135;0,000
16,145;2,000
16,155;1,000
16,165;0,000
16,175;0,000
16,185;0,000
16,195;0,000
16,205;1,000
16,215;0,000
16,225;2,000
16,235;2,000
16,245;0,000
16,255;0,000
16,265;0,000
16,275;3,000
16,285;1,000
16,295;0,000
16,305;1,000
16,315;2,000
16,325;1,000
16,335;1,000
16,345;0,000
16,355;0,000
16,365;0,000
16,375;1,000
16,385;1,000
16,395;2,000
16,405;0,000
16,415;4,000
16,425;0,000
16,435;3,000
16,445;1,000
16,455;1,000
16,465;1,000
16,475;3,000
16,485;0,000
16,495;2,000
16,505;3,000
16,515;1,000
16,525;0,000
16,535;0,000
16,545;1,000
16,555;0,000
16,565;1,000
16,575;2,000
16,585;4,000
16,595;2,000
16,605;3,000
16,615;3,000
16,625;2,000
16,635;2,000
16,645;4,000
16,655;2,000
16,665;4,000
16,675;3,000
16,685;3,000
16,695;0,000
16,705;1,000
16,715;1,000
16,725;4,000
16,735;3,000
16,745;1,000
16,755;2,000
16,765;0,000
16,775;3,000
16,785;4,000
16,795;2,000
16,805;1,000
16,815;4,000
16,825;1,000
16,835;3,000
16,845;0,000
16,855;2,000
16,865;2,000
16,875;1,000
16,885;1,000
16,895;3,000
16,905;0,000
16,915;1,000
16,925;0,000
16,935;0,000
16,945;1,000
16,955;0,000
16,965;2,000
16,975;0,000
16,985;1,000
16,995;0,000
17,005;1,000
17,015;1,000
17,025;1,000
17,035;0,000
17,045;0,000
17,055;0,000
17,065;0,000
17,075;0,000
17,085;0,000
17,095;0,000
17,105;0,000
17,115;1,000
17,125;1,000
17,135;0,000
17,145;0,000
17,155;0,000
17,165;0,000
17,175;1,000
17,185;0,000
17,195;0,000
17,205;0,000
17,215;0,000
17,225;0,000
17,235;0,000
17,245;0,000
17,255;0,000
17,265;0,000
17,275;1,000
17,285;0,000
17,295;0,000
17,305;0,000
17,315;0,000
17,325;0,000
17,335;0,000
17,345;0,000
17,355;0,000
17,365;0,000
17,375;0,000
17,385;0,000
17,395;0,000
17,405;0,000
17,415;0,000
17,425;0,000
17,435;0,000
17,445;0,000
17,455;0,000
17,465;0,000
17,475;0,000
17,485;0,000
17,495;0,000
17,505;0,000
17,515;0,000
17,525;0,000
17,535;0,000
17,545;1,000
17,555;0,000
17,565;0,000
17,575;0,000
17,585;0,000
17,595;1,000
17,605;0,000
17,615;0,000
17,625;0,000
17,635;0,000
17,645;0,000
17,655;0,000
17,665;0,000
17,675;0,000
17,685;1,000
17,695;0,000
17,705;0,000
17,715;0,000
17,725;0,000
17,735;0,000
17,745;0,000
17,755;0,000
17,765;0,000
17,775;1,000
17,785;0,000
17,795;0,000
17,805;1,000
17,815;0,000
17,825;0,000
17,835;0,000
17,845;0,000
17,855;1,000
17,865;0,000
17,875;0,000
17,885;0,000
17,895;0,000
17,905;0,000
17,915;0,000
17,925;0,000
17,935;0,000
17,945;0,000
17,955;0,000
17,965;0,000
17,975;1,000
17,985;0,000
17,995;0,000
18,005;0,000
18,015;0,000
18,025;0,000
18,035;0,000
18,045;0,000
18,055;0,000
18,065;0,000
18,075;0,000
18,085;0,000
18,095;1,000
18,105;0,000
18,115;0,000
18,125;1,000
18,135;0,000
18,145;0,000
18,155;0,000
18,165;0,000
18,175;0,000
18,185;1,000
18,195;0,000
18,205;0,000
18,215;0,000
18,225;0,000
18,235;0,000
18,245;0,000
18,255;0,000
18,265;0,000
18,275;0,000
18,285;0,000
18,295;0,000
18,305;0,000
18,315;0,000
18,325;0,000
18,335;0,000
18,345;0,000
18,355;0,000
18,365;1,000
18,375;0,000
18,385;0,000
18,395;0,000
18,405;0,000
18,415;0,000
18,425;0,000
18,435;0,000
18,445;0,000
18,455;0,000
18,465;0,000
18,475;0,000
18,485;0,000
18,495;0,000
18,505;0,000
18,515;0,000
18,525;0,000
18,535;0,000
18,545;0,000
18,555;0,000
18,565;0,000
18,575;0,000
18,585;0,000
18,595;0,000
18,605;0,000
18,615;0,000
18,625;0,000
18,635;0,000
18,645;0,000
18,655;1,000
18,665;0,000
18,675;0,000
18,685;0,000
18,695;0,000
18,705;0,000
18,715;0,000
18,725;0,000
18,735;0,000
18,745;0,000
18,755;0,000
18,765;0,000
18,775;0,000
18,785;0,000
18,795;0,000
18,805;0,000
18,815;0,000
18,825;1,000
18,835;0,000
18,845;0,000
18,855;0,000
18,865;0,000
18,875;0,000
18,885;0,000
18,895;0,000
18,905;0,000
18,915;0,000
18,925;0,000
18,935;0,000
18,945;0,000
18,955;0,000
18,965;0,000
18,975;1,000
18,985;0,000
18,995;0,000
19,005;1,000
19,015;0,000
19,025;0,000
19,035;0,000
19,045;0,000
19,055;0,000
19,065;0,000
19,075;0,000
19,085;0,000
19,095;0,000
19,105;0,000
19,115;0,000
19,125;0,000
19,135;0,000
19,145;0,000
19,155;0,000
19,165;0,000
19,175;0,000
19,185;0,000
19,195;0,000
19,205;0,000
19,215;0,000
19,225;0,000
19,235;0,000
19,245;0,000
19,255;0,000
19,265;0,000
19,275;0,000
19,285;0,000
19,295;0,000
19,305;0,000
19,315;0,000
19,325;0,000
19,335;0,000
19,345;0,000
19,355;0,000
19,365;0,000
19,375;0,000
19,385;0,000
19,395;0,000
19,405;0,000
19,415;0,000
19,425;0,000
19,435;0,000
19,445;0,000
19,455;0,000
19,465;0,000
19,475;0,000
19,485;1,000
19,495;0,000
19,505;1,000
19,515;0,000
19,525;0,000
19,535;0,000
19,545;0,000
19,555;0,000
19,565;0,000
19,575;1,000
19,585;0,000
19,595;0,000
19,605;0,000
19,615;0,000
19,625;0,000
19,635;0,000
19,645;0,000
19,655;0,000
19,665;0,000
19,675;0,000
19,685;0,000
19,695;0,000
19,705;0,000
19,715;1,000
19,725;0,000
19,735;0,000
19,745;0,000
19,755;0,000
19,765;0,000
19,775;0,000
19,785;0,000
19,795;0,000
19,805;0,000
19,815;0,000
19,825;1,000
19,835;0,000
19,845;0,000
19,855;1,000
19,865;0,000
19,875;0,000
19,885;0,000
19,895;0,000
19,905;0,000
19,915;0,000
19,925;149,000
19,935;0,000
19,945;0,000
19,955;0,000
19,965;0,000
19,975;0,000
19,985;0,000
19,995;38,000
