0,005;0,000
0,015;0,000
0,025;0,000
0,035;0,000
0,045;0,000
0,055;0,000
0,065;0,000
0,075;0,000
0,085;0,000
0,095;0,000
0,105;0,000
0,115;0,000
0,125;0,000
0,135;0,000
0,145;0,000
0,155;0,000
0,165;0,000
0,175;0,000
0,185;0,000
0,195;0,000
0,205;0,000
0,215;0,000
0,225;0,000
0,235;0,000
0,245;0,000
0,255;0,000
0,265;0,000
0,275;0,000
0,285;0,000
0,295;0,000
0,305;0,000
0,315;0,000
0,325;0,000
0,335;0,000
0,345;0,000
0,355;0,000
0,365;0,000
0,375;0,000
0,385;0,000
0,395;0,000
0,405;0,000
0,415;0,000
0,425;0,000
0,435;0,000
0,445;0,000
0,455;0,000
0,465;0,000
0,475;0,000
0,485;0,000
0,495;0,000
0,505;0,000
0,515;0,000
0,525;0,000
0,535;0,000
0,545;0,000
0,555;0,000
0,565;0,000
0,575;0,000
0,585;0,000
0,595;0,000
0,605;0,000
0,615;0,000
0,625;0,000
0,635;0,000
0,645;0,000
0,655;0,000
0,665;0,000
0,675;0,000
0,685;0,000
0,695;0,000
0,705;0,000
0,715;0,000
0,725;0,000
0,735;0,000
0,745;0,000
0,755;0,000
0,765;0,000
0,775;0,000
0,785;0,000
0,795;0,000
0,805;0,000
0,815;0,000
0,825;0,000
0,835;0,000
0,845;0,000
0,855;0,000
0,865;0,000
0,875;0,000
0,885;0,000
0,895;0,000
0,905;0,000
0,915;0,000
0,925;0,000
0,935;0,000
0,945;0,000
0,955;0,000
0,965;0,000
0,975;0,000
0,985;0,000
0,995;0,000
1,005;0,000
1,015;0,000
1,025;0,000
1,035;0,000
1,045;0,000
1,055;0,000
1,065;0,000
1,075;0,000
1,085;0,000
1,095;0,000
1,105;0,000
1,115;0,000
1,125;0,000
1,135;0,000
1,145;0,000
1,155;0,000
1,165;0,000
1,175;0,000
1,185;0,000
1,195;0,000
1,205;0,000
1,215;0,000
1,225;0,000
1,235;0,000
1,245;0,000
1,255;0,000
1,265;0,000
1,275;0,000
1,285;0,000
1,295;0,000
1,305;0,000
1,315;0,000
1,325;0,000
1,335;0,000
1,345;0,000
1,355;0,000
1,365;0,000
1,375;0,000
1,385;0,000
1,395;0,000
1,405;0,000
1,415;0,000
1,425;0,000
1,435;0,000
1,445;0,000
1,455;0,000
1,465;1,000
1,475;14,000
1,485;80,000
1,495;131,000
1,505;182,000
1,515;172,000
1,525;221,000
1,535;176,000
1,545;180,000
1,555;176,000
1,565;180,000
1,575;189,000
1,585;184,000
1,595;216,000
1,605;186,000
1,615;169,000
1,625;188,000
1,635;170,000
1,645;183,000
1,655;164,000
1,665;158,000
1,675;163,000
1,685;171,000
1,695;190,000
1,705;171,000
1,715;186,000
1,725;175,000
1,735;181,000
1,745;164,000
1,755;155,000
1,765;155,000
1,775;184,000
1,785;175,000
1,795;150,000
1,805;161,000
1,815;151,000
1,825;147,000
1,835;178,000
1,845;160,000
1,855;163,000
1,865;164,000
1,875;154,000
1,885;136,000
1,895;148,000
1,905;162,000
1,915;144,000
1,925;148,000
1,935;167,000
1,945;147,000
1,955;157,000
1,965;150,000
1,975;120,000
1,985;142,000
1,995;174,000
2,005;159,000
2,015;142,000
2,025;143,000
2,035;167,000
2,045;142,000
2,055;140,000
2,065;131,000
2,075;136,000
2,085;137,000
2,095;147,000
2,105;142,000
2,115;129,000
2,125;143,000
2,135;131,000
2,145;143,000
2,155;156,000
2,165;152,000
2,175;148,000
2,185;133,000
2,195;142,000
2,205;150,000
2,215;150,000
2,225;133,000
2,235;143,000
2,245;154,000
2,255;123,000
2,265;111,000
2,275;136,000
2,285;146,000
2,295;121,000
2,305;124,000
2,315;116,000
2,325;114,000
2,335;147,000
2,345;119,000
2,355;151,000
2,365;123,000
2,375;121,000
2,385;117,000
2,395;125,000
2,405;104,000
2,415;89,000
2,425;104,000
2,435;135,000
2,445;95,000
2,455;106,000
2,465;108,000
2,475;93,000
2,485;129,000
2,495;107,000
2,505;116,000
2,515;104,000
2,525;106,000
2,535;111,000
2,545;96,000
2,555;103,000
2,565;87,000
2,575;94,000
2,585;122,000
2,595;109,000
2,605;106,000
2,615;112,000
2,625;106,000
2,635;102,000
2,645;95,000
2,655;98,000
2,665;80,000
2,675;85,000
2,685;97,000
2,695;97,000
2,705;96,000
2,715;87,000
2,725;93,000
2,735;85,000
2,745;82,000
2,755;108,000
2,765;84,000
2,775;98,000
2,785;96,000
2,795;99,000
2,805;108,000
2,815;106,000
2,825;80,000
2,835;106,000
2,845;78,000
2,855;71,000
2,865;97,000
2,875;94,000
2,885;82,000
2,895;67,000
2,905;74,000
2,915;82,000
2,925;91,000
2,935;93,000
2,945;88,000
2,955;91,000
2,965;72,000
2,975;87,000
2,985;82,000
2,995;82,000
3,005;81,000
3,015;81,000
3,025;78,000
3,035;88,000
3,045;85,000
3,055;93,000
3,065;76,000
3,075;87,000
3,085;79,000
3,095;79,000
3,105;78,000
3,115;69,000
3,125;80,000
3,135;83,000
3,145;69,000
3,155;89,000
3,165;87,000
3,175;71,000
3,185;86,000
3,195;74,000
3,205;71,000
3,215;68,000
3,225;74,000
3,235;77,000
3,245;78,000
3,255;74,000
3,265;74,000
3,275;80,000
3,285;72,000
3,295;65,000
3,305;65,000
3,315;79,000
3,325;81,000
3,335;74,000
3,345;75,000
3,355;78,000
3,365;80,000
3,375;65,000
3,385;70,000
3,395;58,000
3,405;78,000
3,415;58,000
3,425;72,000
3,435;64,000
3,445;86,000
3,455;61,000
3,465;69,000
3,475;78,000
3,485;64,000
3,495;65,000
3,505;60,000
3,515;54,000
3,525;69,000
3,535;60,000
3,545;72,000
3,555;59,000
3,565;55,000
3,575;82,000
3,585;49,000
3,595;72,000
3,605;51,000
3,615;55,000
3,625;81,000
3,635;60,000
3,645;56,000
3,655;62,000
3,665;60,000
3,675;54,000
3,685;66,000
3,695;54,000
3,705;60,000
3,715;56,000
3,725;50,000
3,735;59,000
3,745;64,000
3,755;69,000
3,765;61,000
3,775;50,000
3,785;57,000
3,795;65,000
3,805;70,000
3,815;57,000
3,825;62,000
3,835;53,000
3,845;59,000
3,855;56,000
3,865;58,000
3,875;63,000
3,885;56,000
3,895;55,000
3,905;67,000
3,915;54,000
3,925;59,000
3,935;58,000
3,945;51,000
3,955;54,000
3,965;62,000
3,975;58,000
3,985;56,000
3,995;51,000
4,005;58,000
4,015;70,000
4,025;47,000
4,035;51,000
4,045;52,000
4,055;55,000
4,065;52,000
4,075;52,000
4,085;49,000
4,095;48,000
4,105;68,000
4,115;52,000
4,125;61,000
4,135;67,000
4,145;52,000
4,155;58,000
4,165;49,000
4,175;52,000
4,185;49,000
4,195;74,000
4,205;51,000
4,215;53,000
4,225;39,000
4,235;44,000
4,245;46,000
4,255;60,000
4,265;46,000
4,275;52,000
4,285;48,000
4,295;40,000
4,305;65,000
4,315;52,000
4,325;45,000
4,335;53,000
4,345;55,000
4,355;56,000
4,365;58,000
4,375;53,000
4,385;60,000
4,395;65,000
4,405;50,000
4,415;50,000
4,425;44,000
4,435;54,000
4,445;33,000
4,455;49,000
4,465;46,000
4,475;48,000
4,485;39,000
4,495;39,000
4,505;62,000
4,515;48,000
4,525;48,000
4,535;58,000
4,545;63,000
4,555;51,000
4,565;51,000
4,575;54,000
4,585;57,000
4,595;49,000
4,605;53,000
4,615;56,000
4,625;48,000
4,635;59,000
4,645;45,000
4,655;63,000
4,665;55,000
4,675;57,000
4,685;54,000
4,695;51,000
4,705;45,000
4,715;47,000
4,725;47,000
4,735;42,000
4,745;50,000
4,755;61,000
4,765;41,000
4,775;45,000
4,785;46,000
4,795;62,000
4,805;39,000
4,815;36,000
4,825;37,000
4,835;34,000
4,845;45,000
4,855;32,000
4,865;35,000
4,875;47,000
4,885;46,000
4,895;39,000
4,905;53,000
4,915;41,000
4,925;50,000
4,935;47,000
4,945;38,000
4,955;43,000
4,965;59,000
4,975;38,000
4,985;60,000
4,995;51,000
5,005;43,000
5,015;43,000
5,025;61,000
5,035;41,000
5,045;50,000
5,055;41,000
5,065;46,000
5,075;36,000
5,085;43,000
5,095;37,000
5,105;55,000
5,115;55,000
5,125;36,000
5,135;49,000
5,145;45,000
5,155;46,000
5,165;50,000
5,175;52,000
5,185;55,000
5,195;40,000
5,205;35,000
5,215;43,000
5,225;52,000
5,235;43,000
5,245;49,000
5,255;50,000
5,265;62,000
5,275;52,000
5,285;50,000
5,295;37,000
5,305;56,000
5,315;38,000
5,325;33,000
5,335;50,000
5,345;45,000
5,355;48,000
5,365;46,000
5,375;53,000
5,385;38,000
5,395;47,000
5,405;38,000
5,415;47,000
5,425;44,000
5,435;45,000
5,445;40,000
5,455;45,000
5,465;50,000
5,475;43,000
5,485;48,000
5,495;43,000
5,505;46,000
5,515;45,000
5,525;37,000
5,535;43,000
5,545;39,000
5,555;47,000
5,565;44,000
5,575;30,000
5,585;35,000
5,595;38,000
5,605;41,000
5,615;54,000
5,625;41,000
5,635;47,000
5,645;40,000
5,655;44,000
5,665;39,000
5,675;35,000
5,685;37,000
5,695;35,000
5,705;40,000
5,715;39,000
5,725;36,000
5,735;27,000
5,745;33,000
5,755;39,000
5,765;39,000
5,775;31,000
5,785;43,000
5,795;38,000
5,805;40,000
5,815;45,000
5,825;32,000
5,835;30,000
5,845;34,000
5,855;38,000
5,865;34,000
5,875;51,000
5,885;32,000
5,895;38,000
5,905;37,000
5,915;40,000
5,925;37,000
5,935;33,000
5,945;40,000
5,955;36,000
5,965;28,000
5,975;38,000
5,985;36,000
5,995;44,000
6,005;33,000
6,015;32,000
6,025;44,000
6,035;40,000
6,045;43,000
6,055;24,000
6,065;35,000
6,075;31,000
6,085;39,000
6,095;35,000
6,105;44,000
6,115;31,000
6,125;34,000
6,135;41,000
6,145;36,000
6,155;27,000
6,165;42,000
6,175;49,000
6,185;25,000
6,195;27,000
6,205;27,000
6,215;48,000
6,225;34,000
6,235;31,000
6,245;33,000
6,255;30,000
6,265;38,000
6,275;23,000
6,285;35,000
6,295;34,000
6,305;35,000
6,315;38,000
6,325;43,000
6,335;25,000
6,345;41,000
6,355;31,000
6,365;38,000
6,375;37,000
6,385;35,000
6,395;40,000
6,405;32,000
6,415;43,000
6,425;41,000
6,435;44,000
6,445;34,000
6,455;37,000
6,465;30,000
6,475;41,000
6,485;39,000
6,495;26,000
6,505;22,000
6,515;32,000
6,525;42,000
6,535;30,000
6,545;32,000
6,555;42,000
6,565;32,000
6,575;37,000
6,585;35,000
6,595;38,000
6,605;31,000
6,615;35,000
6,625;23,000
6,635;35,000
6,645;33,000
6,655;42,000
6,665;38,000
6,675;43,000
6,685;38,000
6,695;39,000
6,705;35,000
6,715;42,000
6,725;36,000
6,735;38,000
6,745;27,000
6,755;40,000
6,765;41,000
6,775;37,000
6,785;37,000
6,795;38,000
6,805;40,000
6,815;33,000
6,825;33,000
6,835;30,000
6,845;25,000
6,855;25,000
6,865;30,000
6,875;34,000
6,885;33,000
6,895;39,000
6,905;25,000
6,915;23,000
6,925;26,000
6,935;18,000
6,945;34,000
6,955;31,000
6,965;44,000
6,975;40,000
6,985;28,000
6,995;30,000
7,005;26,000
7,015;18,000
7,025;32,000
7,035;31,000
7,045;39,000
7,055;28,000
7,065;30,000
7,075;18,000
7,085;29,000
7,095;22,000
7,105;34,000
7,115;23,000
7,125;31,000
7,135;32,000
7,145;32,000
7,155;34,000
7,165;26,000
7,175;32,000
7,185;36,000
7,195;39,000
7,205;36,000
7,215;35,000
7,225;29,000
7,235;29,000
7,245;28,000
7,255;40,000
7,265;23,000
7,275;35,000
7,285;21,000
7,295;35,000
7,305;26,000
7,315;25,000
7,325;30,000
7,335;28,000
7,345;17,000
7,355;36,000
7,365;32,000
7,375;39,000
7,385;23,000
7,395;43,000
7,405;36,000
7,415;31,000
7,425;30,000
7,435;31,000
7,445;32,000
7,455;25,000
7,465;34,000
7,475;22,000
7,485;25,000
7,495;34,000
7,505;28,000
7,515;25,000
7,525;36,000
7,535;39,000
7,545;30,000
7,555;23,000
7,565;41,000
7,575;42,000
7,585;27,000
7,595;32,000
7,605;22,000
7,615;29,000
7,625;28,000
7,635;33,000
7,645;35,000
7,655;18,000
7,665;29,000
7,675;35,000
7,685;38,000
7,695;42,000
7,705;37,000
7,715;31,000
7,725;31,000
7,735;26,000
7,745;39,000
7,755;29,000
7,765;24,000
7,775;26,000
7,785;29,000
7,795;28,000
7,805;33,000
7,815;25,000
7,825;29,000
7,835;33,000
7,845;32,000
7,855;29,000
7,865;29,000
7,875;30,000
7,885;28,000
7,895;24,000
7,905;30,000
7,915;34,000
7,925;24,000
7,935;36,000
7,945;27,000
7,955;32,000
7,965;43,000
7,975;31,000
7,985;27,000
7,995;22,000
8,005;30,000
8,015;36,000
8,025;27,000
8,035;19,000
8,045;24,000
8,055;29,000
8,065;27,000
8,075;32,000
8,085;20,000
8,095;32,000
8,105;21,000
8,115;28,000
8,125;22,000
8,135;34,000
8,145;30,000
8,155;29,000
8,165;22,000
8,175;29,000
8,185;20,000
8,195;17,000
8,205;35,000
8,215;28,000
8,225;23,000
8,235;27,000
8,245;27,000
8,255;29,000
8,265;33,000
8,275;19,000
8,285;29,000
8,295;20,000
8,305;23,000
8,315;26,000
8,325;32,000
8,335;29,000
8,345;30,000
8,355;24,000
8,365;12,000
8,375;29,000
8,385;18,000
8,395;22,000
8,405;23,000
8,415;24,000
8,425;30,000
8,435;23,000
8,445;22,000
8,455;19,000
8,465;30,000
8,475;12,000
8,485;24,000
8,495;28,000
8,505;20,000
8,515;33,000
8,525;21,000
8,535;29,000
8,545;18,000
8,555;36,000
8,565;24,000
8,575;20,000
8,585;25,000
8,595;19,000
8,605;21,000
8,615;23,000
8,625;20,000
8,635;18,000
8,645;20,000
8,655;25,000
8,665;19,000
8,675;22,000
8,685;25,000
8,695;28,000
8,705;23,000
8,715;25,000
8,725;22,000
8,735;17,000
8,745;18,000
8,755;27,000
8,765;21,000
8,775;22,000
8,785;18,000
8,795;14,000
8,805;18,000
8,815;18,000
8,825;26,000
8,835;32,000
8,845;33,000
8,855;20,000
8,865;22,000
8,875;21,000
8,885;21,000
8,895;30,000
8,905;20,000
8,915;34,000
8,925;20,000
8,935;24,000
8,945;18,000
8,955;26,000
8,965;17,000
8,975;12,000
8,985;19,000
8,995;30,000
9,005;22,000
9,015;27,000
9,025;18,000
9,035;27,000
9,045;22,000
9,055;16,000
9,065;26,000
9,075;20,000
9,085;19,000
9,095;25,000
9,105;23,000
9,115;23,000
9,125;14,000
9,135;23,000
9,145;20,000
9,155;22,000
9,165;26,000
9,175;14,000
9,185;26,000
9,195;22,000
9,205;29,000
9,215;26,000
9,225;24,000
9,235;26,000
9,245;22,000
9,255;21,000
9,265;20,000
9,275;21,000
9,285;27,000
9,295;21,000
9,305;19,000
9,315;20,000
9,325;21,000
9,335;20,000
9,345;19,000
9,355;26,000
9,365;24,000
9,375;20,000
9,385;16,000
9,395;20,000
9,405;41,000
9,415;26,000
9,425;23,000
9,435;27,000
9,445;28,000
9,455;25,000
9,465;32,000
9,475;26,000
9,485;24,000
9,495;28,000
9,505;25,000
9,515;26,000
9,525;32,000
9,535;42,000
9,545;30,000
9,555;31,000
9,565;35,000
9,575;28,000
9,585;35,000
9,595;44,000
9,605;37,000
9,615;35,000
9,625;27,000
9,635;45,000
9,645;45,000
9,655;43,000
9,665;39,000
9,675;40,000
9,685;48,000
9,695;33,000
9,705;45,000
9,715;36,000
9,725;36,000
9,735;38,000
9,745;38,000
9,755;39,000
9,765;44,000
9,775;40,000
9,785;26,000
9,795;36,000
9,805;39,000
9,815;32,000
9,825;31,000
9,835;39,000
9,845;38,000
9,855;27,000
9,865;46,000
9,875;35,000
9,885;33,000
9,895;36,000
9,905;44,000
9,915;28,000
9,925;22,000
9,935;27,000
9,945;31,000
9,955;31,000
9,965;43,000
9,975;33,000
9,985;33,000
9,995;29,000
10,005;23,000
10,015;28,000
10,025;28,000
10,035;25,000
10,045;21,000
10,055;19,000
10,065;22,000
10,075;21,000
10,085;19,000
10,095;18,000
10,105;12,000
10,115;19,000
10,125;10,000
10,135;21,000
10,145;22,000
10,155;17,000
10,165;29,000
10,175;20,000
10,185;13,000
10,195;12,000
10,205;23,000
10,215;13,000
10,225;11,000
10,235;17,000
10,245;16,000
10,255;15,000
10,265;17,000
10,275;12,000
10,285;11,000
10,295;10,000
10,305;13,000
10,315;11,000
10,325;12,000
10,335;17,000
10,345;16,000
10,355;13,000
10,365;11,000
10,375;13,000
10,385;9,000
10,395;13,000
10,405;9,000
10,415;13,000
10,425;15,000
10,435;11,000
10,445;7,000
10,455;12,000
10,465;22,000
10,475;13,000
10,485;14,000
10,495;18,000
10,505;13,000
10,515;6,000
10,525;12,000
10,535;16,000
10,545;17,000
10,555;14,000
10,565;11,000
10,575;10,000
10,585;19,000
10,595;18,000
10,605;22,000
10,615;14,000
10,625;15,000
10,635;19,000
10,645;22,000
10,655;17,000
10,665;17,000
10,675;20,000
10,685;21,000
10,695;24,000
10,705;21,000
10,715;19,000
10,725;22,000
10,735;25,000
10,745;26,000
10,755;36,000
10,765;14,000
10,775;33,000
10,785;30,000
10,795;25,000
10,805;14,000
10,815;29,000
10,825;20,000
10,835;26,000
10,845;30,000
10,855;27,000
10,865;25,000
10,875;32,000
10,885;28,000
10,895;21,000
10,905;29,000
10,915;29,000
10,925;24,000
10,935;34,000
10,945;24,000
10,955;35,000
10,965;29,000
10,975;24,000
10,985;31,000
10,995;29,000
11,005;24,000
11,015;21,000
11,025;37,000
11,035;17,000
11,045;19,000
11,055;22,000
11,065;33,000
11,075;16,000
11,085;21,000
11,095;36,000
11,105;36,000
11,115;24,000
11,125;26,000
11,135;21,000
11,145;21,000
11,155;28,000
11,165;25,000
11,175;20,000
11,185;18,000
11,195;28,000
11,205;21,000
11,215;22,000
11,225;19,000
11,235;28,000
11,245;15,000
11,255;16,000
11,265;13,000
11,275;19,000
11,285;14,000
11,295;18,000
11,305;16,000
11,315;17,000
11,325;17,000
11,335;13,000
11,345;12,000
11,355;13,000
11,365;13,000
11,375;16,000
11,385;14,000
11,395;18,000
11,405;13,000
11,415;15,000
11,425;7,000
11,435;14,000
11,445;12,000
11,455;6,000
11,465;15,000
11,475;11,000
11,485;8,000
11,495;13,000
11,505;13,000
11,515;11,000
11,525;12,000
11,535;11,000
11,545;9,000
11,555;11,000
11,565;9,000
11,575;10,000
11,585;8,000
11,595;11,000
11,605;13,000
11,615;4,000
11,625;16,000
11,635;13,000
11,645;9,000
11,655;8,000
11,665;12,000
11,675;9,000
11,685;9,000
11,695;6,000
11,705;13,000
11,715;9,000
11,725;11,000
11,735;22,000
11,745;8,000
11,755;6,000
11,765;12,000
11,775;11,000
11,785;13,000
11,795;14,000
11,805;18,000
11,815;13,000
11,825;14,000
11,835;12,000
11,845;11,000
11,855;12,000
11,865;11,000
11,875;7,000
11,885;11,000
11,895;10,000
11,905;12,000
11,915;11,000
11,925;18,000
11,935;12,000
11,945;13,000
11,955;14,000
11,965;10,000
11,975;15,000
11,985;5,000
11,995;13,000
12,005;9,000
12,015;16,000
12,025;11,000
12,035;9,000
12,045;8,000
12,055;10,000
12,065;7,000
12,075;11,000
12,085;7,000
12,095;8,000
12,105;8,000
12,115;10,000
12,125;11,000
12,135;11,000
12,145;7,000
12,155;9,000
12,165;7,000
12,175;7,000
12,185;8,000
12,195;12,000
12,205;9,000
12,215;7,000
12,225;4,000
12,235;10,000
12,245;7,000
12,255;2,000
12,265;1,000
12,275;6,000
12,285;3,000
12,295;6,000
12,305;8,000
12,315;6,000
12,325;2,000
12,335;5,000
12,345;4,000
12,355;7,000
12,365;5,000
12,375;6,000
12,385;7,000
12,395;1,000
12,405;7,000
12,415;3,000
12,425;3,000
12,435;1,000
12,445;2,000
12,455;2,000
12,465;2,000
12,475;4,000
12,485;2,000
12,495;1,000
12,505;5,000
12,515;6,000
12,525;2,000
12,535;1,000
12,545;4,000
12,555;1,000
12,565;5,000
12,575;3,000
12,585;5,000
12,595;3,000
12,605;2,000
12,615;1,000
12,625;2,000
12,635;3,000
12,645;1,000
12,655;2,000
12,665;5,000
12,675;0,000
12,685;1,000
12,695;0,000
12,705;2,000
12,715;1,000
12,725;2,000
12,735;1,000
12,745;2,000
12,755;1,000
12,765;1,000
12,775;2,000
12,785;1,000
12,795;4,000
12,805;2,000
12,815;0,000
12,825;4,000
12,835;3,000
12,845;1,000
12,855;3,000
12,865;1,000
12,875;0,000
12,885;3,000
12,895;1,000
12,905;0,000
12,915;4,000
12,925;2,000
12,935;2,000
12,945;0,000
12,955;2,000
12,965;0,000
12,975;2,000
12,985;1,000
12,995;0,000
13,005;6,000
13,015;1,000
13,025;2,000
13,035;3,000
13,045;1,000
13,055;1,000
13,065;1,000
13,075;1,000
13,085;3,000
13,095;1,000
13,105;2,000
13,115;1,000
13,125;4,000
13,135;2,000
13,145;0,000
13,155;0,000
13,165;2,000
13,175;1,000
13,185;2,000
13,195;3,000
13,205;1,000
13,215;0,000
13,225;3,000
13,235;2,000
13,245;1,000
13,255;2,000
13,265;1,000
13,275;0,000
13,285;2,000
13,295;2,000
13,305;2,000
13,315;0,000
13,325;2,000
13,335;1,000
13,345;0,000
13,355;1,000
13,365;0,000
13,375;1,000
13,385;0,000
13,395;0,000
13,405;0,000
13,415;0,000
13,425;1,000
13,435;3,000
13,445;0,000
13,455;2,000
13,465;1,000
13,475;2,000
13,485;1,000
13,495;0,000
13,505;1,000
13,515;0,000
13,525;1,000
13,535;1,000
13,545;0,000
13,555;3,000
13,565;5,000
13,575;0,000
13,585;0,000
13,595;3,000
13,605;1,000
13,615;2,000
13,625;3,000
13,635;0,000
13,645;0,000
13,655;0,000
13,665;0,000
13,675;1,000
13,685;2,000
13,695;3,000
13,705;2,000
13,715;1,000
13,725;1,000
13,735;0,000
13,745;0,000
13,755;4,000
13,765;1,000
13,775;0,000
13,785;0,000
13,795;1,000
13,805;3,000
13,815;5,000
13,825;1,000
13,835;2,000
13,845;1,000
13,855;1,000
13,865;2,000
13,875;1,000
13,885;1,000
13,895;0,000
13,905;0,000
13,915;1,000
13,925;3,000
13,935;0,000
13,945;2,000
13,955;0,000
13,965;2,000
13,975;1,000
13,985;1,000
13,995;1,000
14,005;1,000
14,015;2,000
14,025;1,000
14,035;5,000
14,045;2,000
14,055;2,000
14,065;2,000
14,075;3,000
14,085;0,000
14,095;4,000
14,105;3,000
14,115;2,000
14,125;3,000
14,135;2,000
14,145;1,000
14,155;1,000
14,165;1,000
14,175;3,000
14,185;0,000
14,195;2,000
14,205;1,000
14,215;2,000
14,225;2,000
14,235;2,000
14,245;1,000
14,255;1,000
14,265;2,000
14,275;0,000
14,285;0,000
14,295;2,000
14,305;3,000
14,315;2,000
14,325;0,000
14,335;2,000
14,345;3,000
14,355;0,000
14,365;1,000
14,375;1,000
14,385;2,000
14,395;1,000
14,405;2,000
14,415;4,000
14,425;1,000
14,435;0,000
14,445;2,000
14,455;0,000
14,465;2,000
14,475;3,000
14,485;1,000
14,495;1,000
14,505;0,000
14,515;2,000
14,525;2,000
14,535;0,000
14,545;0,000
14,555;2,000
14,565;2,000
14,575;1,000
14,585;0,000
14,595;1,000
14,605;0,000
14,615;2,000
14,625;2,000
14,635;5,000
14,645;1,000
14,655;0,000
14,665;0,000
14,675;0,000
14,685;3,000
14,695;1,000
14,705;0,000
14,715;0,000
14,725;0,000
14,735;1,000
14,745;0,000
14,755;0,000
14,765;2,000
14,775;1,000
14,785;2,000
14,795;1,000
14,805;1,000
14,815;1,000
14,825;1,000
14,835;2,000
14,845;1,000
14,855;1,000
14,865;1,000
14,875;1,000
14,885;0,000
14,895;3,000
14,905;3,000
14,915;0,000
14,925;1,000
14,935;1,000
14,945;1,000
14,955;1,000
14,965;1,000
14,975;2,000
14,985;1,000
14,995;0,000
15,005;1,000
15,015;0,000
15,025;3,000
15,035;1,000
15,045;1,000
15,055;0,000
15,065;1,000
15,075;3,000
15,085;1,000
15,095;0,000
15,105;0,000
15,115;1,000
15,125;0,000
15,135;1,000
15,145;1,000
15,155;0,000
15,165;1,000
15,175;0,000
15,185;1,000
15,195;0,000
15,205;2,000
15,215;1,000
15,225;2,000
15,235;1,000
15,245;1,000
15,255;3,000
15,265;0,000
15,275;1,000
15,285;2,000
15,295;1,000
15,305;1,000
15,315;0,000
15,325;3,000
15,335;3,000
15,345;1,000
15,355;4,000
15,365;3,000
15,375;2,000
15,385;3,000
15,395;2,000
15,405;3,000
15,415;1,000
15,425;1,000
15,435;1,000
15,445;5,000
15,455;0,000
15,465;2,000
15,475;6,000
15,485;4,000
15,495;1,000
15,505;0,000
15,515;3,000
15,525;3,000
15,535;5,000
15,545;3,000
15,555;2,000
15,565;3,000
15,575;5,000
15,585;4,000
15,595;3,000
15,605;6,000
15,615;2,000
15,625;5,000
15,635;2,000
15,645;2,000
15,655;5,000
15,665;1,000
15,675;3,000
15,685;4,000
15,695;4,000
15,705;1,000
15,715;5,000
15,725;4,000
15,735;2,000
15,745;4,000
15,755;4,000
15,765;4,000
15,775;3,000
15,785;3,000
15,795;2,000
15,805;1,000
15,815;5,000
15,825;2,000
15,835;1,000
15,845;3,000
15,855;2,000
15,865;2,000
15,875;0,000
15,885;5,000
15,895;2,000
15,905;3,000
15,915;1,000
15,925;3,000
15,935;2,000
15,945;3,000
15,955;1,000
15,965;1,000
15,975;3,000
15,985;2,000
15,995;1,000
16,005;1,000
16,015;2,000
16,025;0,000
16,035;0,000
16,045;1,000
16,055;2,000
16,065;0,000
16,075;2,000
16,085;0,000
16,095;1,000
16,105;1,000
16,115;1,000
16,125;2,000
16,135;1,000
16,145;1,000
16,155;2,000
16,165;0,000
16,175;1,000
16,185;3,000
16,195;2,000
16,205;0,000
16,215;1,000
16,225;1,000
16,235;1,000
16,245;1,000
16,255;1,000
16,265;1,000
16,275;4,000
16,285;1,000
16,295;1,000
16,305;3,000
16,315;0,000
16,325;0,000
16,335;0,000
16,345;1,000
16,355;1,000
16,365;0,000
16,375;1,000
16,385;3,000
16,395;0,000
16,405;1,000
16,415;3,000
16,425;3,000
16,435;1,000
16,445;0,000
16,455;1,000
16,465;3,000
16,475;3,000
16,485;1,000
16,495;1,000
16,505;2,000
16,515;3,000
16,525;1,000
16,535;2,000
16,545;3,000
16,555;4,000
16,565;4,000
16,575;2,000
16,585;5,000
16,595;0,000
16,605;4,000
16,615;2,000
16,625;3,000
16,635;3,000
16,645;6,000
16,655;6,000
16,665;5,000
16,675;1,000
16,685;5,000
16,695;1,000
16,705;3,000
16,715;1,000
16,725;3,000
16,735;3,000
16,745;2,000
16,755;3,000
16,765;5,000
16,775;1,000
16,785;1,000
16,795;1,000
16,805;5,000
16,815;1,000
16,825;3,000
16,835;3,000
16,845;3,000
16,855;0,000
16,865;1,000
16,875;3,000
16,885;2,000
16,895;1,000
16,905;1,000
16,915;1,000
16,925;0,000
16,935;1,000
16,945;1,000
16,955;0,000
16,965;0,000
16,975;0,000
16,985;0,000
16,995;0,000
17,005;1,000
17,015;0,000
17,025;0,000
17,035;0,000
17,045;1,000
17,055;1,000
17,065;0,000
17,075;0,000
17,085;0,000
17,095;0,000
17,105;0,000
17,115;0,000
17,125;0,000
17,135;0,000
17,145;0,000
17,155;0,000
17,165;0,000
17,175;1,000
17,185;1,000
17,195;0,000
17,205;0,000
17,215;0,000
17,225;1,000
17,235;0,000
17,245;0,000
17,255;0,000
17,265;0,000
17,275;0,000
17,285;0,000
17,295;0,000
17,305;0,000
17,315;0,000
17,325;0,000
17,335;1,000
17,345;0,000
17,355;0,000
17,365;0,000
17,375;0,000
17,385;0,000
17,395;0,000
17,405;0,000
17,415;0,000
17,425;0,000
17,435;0,000
17,445;0,000
17,455;1,000
17,465;0,000
17,475;0,000
17,485;1,000
17,495;0,000
17,505;0,000
17,515;0,000
17,525;0,000
17,535;0,000
17,545;0,000
17,555;0,000
17,565;0,000
17,575;0,000
17,585;0,000
17,595;0,000
17,605;0,000
17,615;0,000
17,625;0,000
17,635;0,000
17,645;0,000
17,655;0,000
17,665;0,000
17,675;0,000
17,685;0,000
17,695;1,000
17,705;0,000
17,715;0,000
17,725;0,000
17,735;0,000
17,745;0,000
17,755;0,000
17,765;0,000
17,775;0,000
17,785;0,000
17,795;0,000
17,805;0,000
17,815;0,000
17,825;0,000
17,835;0,000
17,845;0,000
17,855;0,000
17,865;0,000
17,875;1,000
17,885;0,000
17,895;0,000
17,905;0,000
17,915;0,000
17,925;0,000
17,935;0,000
17,945;0,000
17,955;0,000
17,965;0,000
17,975;0,000
17,985;0,000
17,995;0,000
18,005;0,000
18,015;0,000
18,025;0,000
18,035;0,000
18,045;1,000
18,055;0,000
18,065;0,000
18,075;0,000
18,085;0,000
18,095;0,000
18,105;0,000
18,115;1,000
18,125;0,000
18,135;0,000
18,145;0,000
18,155;0,000
18,165;0,000
18,175;0,000
18,185;1,000
18,195;0,000
18,205;0,000
18,215;0,000
18,225;0,000
18,235;0,000
18,245;0,000
18,255;0,000
18,265;0,000
18,275;0,000
18,285;0,000
18,295;0,000
18,305;0,000
18,315;0,000
18,325;0,000
18,335;0,000
18,345;0,000
18,355;0,000
18,365;0,000
18,375;0,000
18,385;0,000
18,395;0,000
18,405;0,000
18,415;0,000
18,425;0,000
18,435;0,000
18,445;0,000
18,455;0,000
18,465;0,000
18,475;0,000
18,485;1,000
18,495;0,000
18,505;0,000
18,515;0,000
18,525;0,000
18,535;0,000
18,545;0,000
18,555;0,000
18,565;0,000
18,575;0,000
18,585;0,000
18,595;0,000
18,605;0,000
18,615;0,000
18,625;0,000
18,635;1,000
18,645;0,000
18,655;0,000
18,665;1,000
18,675;0,000
18,685;0,000
18,695;0,000
18,705;0,000
18,715;0,000
18,725;0,000
18,735;0,000
18,745;0,000
18,755;0,000
18,765;0,000
18,775;0,000
18,785;0,000
18,795;0,000
18,805;0,000
18,815;0,000
18,825;0,000
18,835;0,000
18,845;0,000
18,855;1,000
18,865;0,000
18,875;0,000
18,885;2,000
18,895;0,000
18,905;0,000
18,915;1,000
18,925;0,000
18,935;0,000
18,945;0,000
18,955;0,000
18,965;0,000
18,975;0,000
18,985;0,000
18,995;0,000
19,005;0,000
19,015;0,000
19,025;0,000
19,035;0,000
19,045;0,000
19,055;0,000
19,065;1,000
19,075;0,000
19,085;0,000
19,095;0,000
19,105;0,000
19,115;0,000
19,125;0,000
19,135;0,000
19,145;0,000
19,155;0,000
19,165;0,000
19,175;0,000
19,185;0,000
19,195;0,000
19,205;0,000
19,215;1,000
19,225;0,000
19,235;1,000
19,245;0,000
19,255;0,000
19,265;0,000
19,275;0,000
19,285;0,000
19,295;0,000
19,305;0,000
19,315;0,000
19,325;0,000
19,335;0,000
19,345;0,000
19,355;0,000
19,365;0,000
19,375;1,000
19,385;0,000
19,395;0,000
19,405;0,000
19,415;0,000
19,425;0,000
19,435;0,000
19,445;0,000
19,455;0,000
19,465;0,000
19,475;0,000
19,485;0,000
19,495;0,000
19,505;0,000
19,515;0,000
19,525;0,000
19,535;0,000
19,545;0,000
19,555;0,000
19,565;0,000
19,575;0,000
19,585;1,000
19,595;0,000
19,605;0,000
19,615;0,000
19,625;0,000
19,635;0,000
19,645;0,000
19,655;0,000
19,665;0,000
19,675;0,000
19,685;0,000
19,695;0,000
19,705;0,000
19,715;0,000
19,725;1,000
19,735;0,000
19,745;0,000
19,755;0,000
19,765;0,000
19,775;0,000
19,785;0,000
19,795;1,000
19,805;0,000
19,815;0,000
19,825;0,000
19,835;0,000
19,845;0,000
19,855;1,000
19,865;0,000
19,875;0,000
19,885;1,000
19,895;0,000
19,905;0,000
19,915;0,000
19,925;203,000
19,935;0,000
19,945;0,000
19,955;0,000
19,965;0,000
19,975;0,000
19,985;0,000
19,995;50,000
