0,005;0,000
0,015;0,000
0,025;0,000
0,035;0,000
0,045;0,000
0,055;0,000
0,065;0,000
0,075;0,000
0,085;0,000
0,095;0,000
0,105;0,000
0,115;0,000
0,125;0,000
0,135;0,000
0,145;0,000
0,155;0,000
0,165;0,000
0,175;0,000
0,185;0,000
0,195;0,000
0,205;0,000
0,215;0,000
0,225;0,000
0,235;0,000
0,245;0,000
0,255;0,000
0,265;0,000
0,275;0,000
0,285;0,000
0,295;0,000
0,305;0,000
0,315;0,000
0,325;0,000
0,335;0,000
0,345;0,000
0,355;0,000
0,365;0,000
0,375;0,000
0,385;0,000
0,395;0,000
0,405;0,000
0,415;0,000
0,425;0,000
0,435;0,000
0,445;0,000
0,455;0,000
0,465;0,000
0,475;0,000
0,485;0,000
0,495;0,000
0,505;0,000
0,515;0,000
0,525;0,000
0,535;0,000
0,545;0,000
0,555;0,000
0,565;0,000
0,575;0,000
0,585;0,000
0,595;0,000
0,605;0,000
0,615;0,000
0,625;0,000
0,635;0,000
0,645;0,000
0,655;0,000
0,665;0,000
0,675;0,000
0,685;0,000
0,695;0,000
0,705;0,000
0,715;0,000
0,725;0,000
0,735;0,000
0,745;0,000
0,755;0,000
0,765;0,000
0,775;0,000
0,785;0,000
0,795;0,000
0,805;0,000
0,815;0,000
0,825;0,000
0,835;0,000
0,845;0,000
0,855;0,000
0,865;0,000
0,875;0,000
0,885;0,000
0,895;0,000
0,905;0,000
0,915;0,000
0,925;0,000
0,935;0,000
0,945;0,000
0,955;0,000
0,965;0,000
0,975;0,000
0,985;0,000
0,995;0,000
1,005;0,000
1,015;0,000
1,025;0,000
1,035;0,000
1,045;0,000
1,055;0,000
1,065;0,000
1,075;0,000
1,085;0,000
1,095;0,000
1,105;0,000
1,115;0,000
1,125;0,000
1,135;0,000
1,145;0,000
1,155;0,000
1,165;0,000
1,175;0,000
1,185;0,000
1,195;0,000
1,205;0,000
1,215;0,000
1,225;0,000
1,235;0,000
1,245;0,000
1,255;0,000
1,265;0,000
1,275;0,000
1,285;0,000
1,295;0,000
1,305;0,000
1,315;0,000
1,325;0,000
1,335;0,000
1,345;0,000
1,355;0,000
1,365;0,000
1,375;0,000
1,385;0,000
1,395;0,000
1,405;0,000
1,415;0,000
1,425;0,000
1,435;0,000
1,445;0,000
1,455;1,000
1,465;3,000
1,475;33,000
1,485;74,000
1,495;168,000
1,505;171,000
1,515;188,000
1,525;190,000
1,535;191,000
1,545;168,000
1,555;189,000
1,565;184,000
1,575;166,000
1,585;178,000
1,595;184,000
1,605;149,000
1,615;163,000
1,625;161,000
1,635;160,000
1,645;178,000
1,655;177,000
1,665;167,000
1,675;180,000
1,685;171,000
1,695;161,000
1,705;170,000
1,715;160,000
1,725;158,000
1,735;175,000
1,745;167,000
1,755;169,000
1,765;142,000
1,775;152,000
1,785;160,000
1,795;170,000
1,805;155,000
1,815;144,000
1,825;162,000
1,835;162,000
1,845;169,000
1,855;174,000
1,865;139,000
1,875;163,000
1,885;159,000
1,895;144,000
1,905;169,000
1,915;163,000
1,925;148,000
1,935;140,000
1,945;163,000
1,955;160,000
1,965;190,000
1,975;164,000
1,985;153,000
1,995;166,000
2,005;162,000
2,015;136,000
2,025;151,000
2,035;124,000
2,045;149,000
2,055;144,000
2,065;140,000
2,075;156,000
2,085;165,000
2,095;166,000
2,105;147,000
2,115;159,000
2,125;161,000
2,135;170,000
2,145;152,000
2,155;161,000
2,165;156,000
2,175;146,000
2,185;138,000
2,195;172,000
2,205;152,000
2,215;142,000
2,225;148,000
2,235;143,000
2,245;142,000
2,255;161,000
2,265;174,000
2,275;120,000
2,285;165,000
2,295;155,000
2,305;137,000
2,315;114,000
2,325;156,000
2,335;117,000
2,345;128,000
2,355;126,000
2,365;117,000
2,375;127,000
2,385;135,000
2,395;141,000
2,405;121,000
2,415;148,000
2,425;109,000
2,435;147,000
2,445;125,000
2,455;124,000
2,465;136,000
2,475;130,000
2,485;122,000
2,495;144,000
2,505;131,000
2,515;130,000
2,525;119,000
2,535;113,000
2,545;126,000
2,555;139,000
2,565;151,000
2,575;116,000
2,585;128,000
2,595;131,000
2,605;112,000
2,615;122,000
2,625;123,000
2,635;118,000
2,645;112,000
2,655;135,000
2,665;132,000
2,675;147,000
2,685;123,000
2,695;127,000
2,705;135,000
2,715;114,000
2,725;132,000
2,735;131,000
2,745;122,000
2,755;108,000
2,765;121,000
2,775;138,000
2,785;145,000
2,795;127,000
2,805;127,000
2,815;119,000
2,825;121,000
2,835;122,000
2,845;113,000
2,855;107,000
2,865;105,000
2,875;113,000
2,885;141,000
2,895;140,000
2,905;99,000
2,915;123,000
2,925;97,000
2,935;121,000
2,945;115,000
2,955;114,000
2,965;102,000
2,975;101,000
2,985;133,000
2,995;124,000
3,005;112,000
3,015;106,000
3,025;111,000
3,035;118,000
3,045;105,000
3,055;115,000
3,065;128,000
3,075;119,000
3,085;109,000
3,095;82,000
3,105;101,000
3,115;104,000
3,125;102,000
3,135;110,000
3,145;105,000
3,155;120,000
3,165;100,000
3,175;101,000
3,185;117,000
3,195;131,000
3,205;121,000
3,215;97,000
3,225;115,000
3,235;100,000
3,245;118,000
3,255;104,000
3,265;86,000
3,275;108,000
3,285;127,000
3,295;101,000
3,305;101,000
3,315;91,000
3,325;105,000
3,335;111,000
3,345;100,000
3,355;112,000
3,365;111,000
3,375;94,000
3,385;113,000
3,395;100,000
3,405;88,000
3,415;100,000
3,425;120,000
3,435;107,000
3,445;103,000
3,455;99,000
3,465;111,000
3,475;112,000
3,485;101,000
3,495;96,000
3,505;109,000
3,515;118,000
3,525;92,000
3,535;114,000
3,545;87,000
3,555;93,000
3,565;88,000
3,575;112,000
3,585;104,000
3,595;107,000
3,605;95,000
3,615;96,000
3,625;102,000
3,635;87,000
3,645;91,000
3,655;104,000
3,665;96,000
3,675;103,000
3,685;87,000
3,695;100,000
3,705;100,000
3,715;99,000
3,725;82,000
3,735;97,000
3,745;86,000
3,755;92,000
3,765;94,000
3,775;101,000
3,785;96,000
3,795;115,000
3,805;97,000
3,815;103,000
3,825;89,000
3,835;88,000
3,845;98,000
3,855;100,000
3,865;87,000
3,875;106,000
3,885;110,000
3,895;100,000
3,905;105,000
3,915;83,000
3,925;91,000
3,935;89,000
3,945;88,000
3,955;93,000
3,965;106,000
3,975;108,000
3,985;108,000
3,995;78,000
4,005;101,000
4,015;108,000
4,025;100,000
4,035;104,000
4,045;89,000
4,055;92,000
4,065;92,000
4,075;88,000
4,085;98,000
4,095;74,000
4,105;95,000
4,115;95,000
4,125;105,000
4,135;89,000
4,145;106,000
4,155;111,000
4,165;68,000
4,175;95,000
4,185;88,000
4,195;88,000
4,205;106,000
4,215;107,000
4,225;100,000
4,235;83,000
4,245;98,000
4,255;113,000
4,265;81,000
4,275;107,000
4,285;100,000
4,295;87,000
4,305;86,000
4,315;85,000
4,325;113,000
4,335;85,000
4,345;86,000
4,355;113,000
4,365;98,000
4,375;93,000
4,385;103,000
4,395;78,000
4,405;85,000
4,415;107,000
4,425;91,000
4,435;98,000
4,445;94,000
4,455;93,000
4,465;97,000
4,475;92,000
4,485;93,000
4,495;102,000
4,505;98,000
4,515;80,000
4,525;90,000
4,535;82,000
4,545;93,000
4,555;97,000
4,565;105,000
4,575;106,000
4,585;110,000
4,595;98,000
4,605;84,000
4,615;90,000
4,625;91,000
4,635;88,000
4,645;93,000
4,655;95,000
4,665;99,000
4,675;79,000
4,685;86,000
4,695;93,000
4,705;81,000
4,715;101,000
4,725;82,000
4,735;89,000
4,745;103,000
4,755;92,000
4,765;91,000
4,775;102,000
4,785;98,000
4,795;105,000
4,805;81,000
4,815;100,000
4,825;96,000
4,835;81,000
4,845;100,000
4,855;94,000
4,865;98,000
4,875;89,000
4,885;98,000
4,895;103,000
4,905;81,000
4,915;113,000
4,925;102,000
4,935;79,000
4,945;81,000
4,955;89,000
4,965;74,000
4,975;101,000
4,985;82,000
4,995;93,000
5,005;89,000
5,015;78,000
5,025;84,000
5,035;77,000
5,045;93,000
5,055;84,000
5,065;95,000
5,075;74,000
5,085;79,000
5,095;92,000
5,105;82,000
5,115;102,000
5,125;88,000
5,135;92,000
5,145;86,000
5,155;92,000
5,165;108,000
5,175;85,000
5,185;64,000
5,195;99,000
5,205;94,000
5,215;87,000
5,225;76,000
5,235;91,000
5,245;87,000
5,255;84,000
5,265;80,000
5,275;87,000
5,285;94,000
5,295;88,000
5,305;101,000
5,315;89,000
5,325;88,000
5,335;114,000
5,345;75,000
5,355;75,000
5,365;82,000
5,375;88,000
5,385;72,000
5,395;79,000
5,405;90,000
5,415;71,000
5,425;73,000
5,435;105,000
5,445;81,000
5,455;88,000
5,465;79,000
5,475;79,000
5,485;95,000
5,495;71,000
5,505;85,000
5,515;85,000
5,525;85,000
5,535;77,000
5,545;93,000
5,555;85,000
5,565;100,000
5,575;91,000
5,585;81,000
5,595;88,000
5,605;79,000
5,615;87,000
5,625;95,000
5,635;94,000
5,645;71,000
5,655;85,000
5,665;68,000
5,675;88,000
5,685;84,000
5,695;70,000
5,705;66,000
5,715;91,000
5,725;88,000
5,735;80,000
5,745;84,000
5,755;73,000
5,765;73,000
5,775;80,000
5,785;84,000
5,795;79,000
5,805;73,000
5,815;87,000
5,825;108,000
5,835;98,000
5,845;89,000
5,855;84,000
5,865;76,000
5,875;79,000
5,885;78,000
5,895;105,000
5,905;64,000
5,915;76,000
5,925;87,000
5,935;84,000
5,945;81,000
5,955;94,000
5,965;95,000
5,975;69,000
5,985;81,000
5,995;88,000
6,005;84,000
6,015;79,000
6,025;89,000
6,035;69,000
6,045;97,000
6,055;83,000
6,065;75,000
6,075;82,000
6,085;83,000
6,095;77,000
6,105;84,000
6,115;75,000
6,125;92,000
6,135;70,000
6,145;93,000
6,155;73,000
6,165;97,000
6,175;78,000
6,185;91,000
6,195;67,000
6,205;79,000
6,215;83,000
6,225;70,000
6,235;83,000
6,245;80,000
6,255;76,000
6,265;69,000
6,275;86,000
6,285;99,000
6,295;81,000
6,305;69,000
6,315;74,000
6,325;91,000
6,335;63,000
6,345;71,000
6,355;72,000
6,365;76,000
6,375;86,000
6,385;82,000
6,395;84,000
6,405;77,000
6,415;88,000
6,425;73,000
6,435;75,000
6,445;88,000
6,455;95,000
6,465;74,000
6,475;79,000
6,485;78,000
6,495;93,000
6,505;82,000
6,515;89,000
6,525;74,000
6,535;73,000
6,545;89,000
6,555;82,000
6,565;79,000
6,575;86,000
6,585;77,000
6,595;78,000
6,605;82,000
6,615;103,000
6,625;101,000
6,635;94,000
6,645;90,000
6,655;71,000
6,665;88,000
6,675;72,000
6,685;76,000
6,695;87,000
6,705;76,000
6,715;79,000
6,725;105,000
6,735;71,000
6,745;85,000
6,755;68,000
6,765;84,000
6,775;71,000
6,785;74,000
6,795;76,000
6,805;84,000
6,815;86,000
6,825;66,000
6,835;86,000
6,845;82,000
6,855;82,000
6,865;65,000
6,875;80,000
6,885;86,000
6,895;74,000
6,905;82,000
6,915;77,000
6,925;72,000
6,935;92,000
6,945;96,000
6,955;78,000
6,965;81,000
6,975;81,000
6,985;84,000
6,995;96,000
7,005;89,000
7,015;63,000
7,025;91,000
7,035;82,000
7,045;88,000
7,055;84,000
7,065;100,000
7,075;76,000
7,085;74,000
7,095;88,000
7,105;83,000
7,115;74,000
7,125;90,000
7,135;77,000
7,145;100,000
7,155;84,000
7,165;82,000
7,175;77,000
7,185;86,000
7,195;84,000
7,205;85,000
7,215;81,000
7,225;76,000
7,235;88,000
7,245;85,000
7,255;107,000
7,265;79,000
7,275;92,000
7,285;73,000
7,295;85,000
7,305;69,000
7,315;92,000
7,325;81,000
7,335;64,000
7,345;69,000
7,355;76,000
7,365;89,000
7,375;92,000
7,385;77,000
7,395;101,000
7,405;87,000
7,415;93,000
7,425;79,000
7,435;78,000
7,445;80,000
7,455;72,000
7,465;82,000
7,475;72,000
7,485;89,000
7,495;88,000
7,505;86,000
7,515;97,000
7,525;84,000
7,535;73,000
7,545;85,000
7,555;89,000
7,565;93,000
7,575;67,000
7,585;79,000
7,595;69,000
7,605;71,000
7,615;90,000
7,625;80,000
7,635;83,000
7,645;86,000
7,655;86,000
7,665;88,000
7,675;82,000
7,685;85,000
7,695;77,000
7,705;90,000
7,715;82,000
7,725;82,000
7,735;81,000
7,745;65,000
7,755;80,000
7,765;76,000
7,775;103,000
7,785;84,000
7,795;62,000
7,805;82,000
7,815;69,000
7,825;75,000
7,835;66,000
7,845;87,000
7,855;79,000
7,865;76,000
7,875;70,000
7,885;79,000
7,895;60,000
7,905;76,000
7,915;71,000
7,925;69,000
7,935;72,000
7,945;71,000
7,955;85,000
7,965;71,000
7,975;86,000
7,985;72,000
7,995;86,000
8,005;71,000
8,015;89,000
8,025;80,000
8,035;72,000
8,045;66,000
8,055;59,000
8,065;70,000
8,075;66,000
8,085;86,000
8,095;60,000
8,105;67,000
8,115;97,000
8,125;69,000
8,135;79,000
8,145;85,000
8,155;69,000
8,165;77,000
8,175;59,000
8,185;71,000
8,195;70,000
8,205;69,000
8,215;63,000
8,225;74,000
8,235;57,000
8,245;69,000
8,255;59,000
8,265;74,000
8,275;91,000
8,285;65,000
8,295;66,000
8,305;63,000
8,315;61,000
8,325;60,000
8,335;55,000
8,345;64,000
8,355;68,000
8,365;73,000
8,375;63,000
8,385;80,000
8,395;68,000
8,405;67,000
8,415;72,000
8,425;50,000
8,435;66,000
8,445;57,000
8,455;61,000
8,465;59,000
8,475;51,000
8,485;87,000
8,495;67,000
8,505;68,000
8,515;57,000
8,525;65,000
8,535;69,000
8,545;57,000
8,555;66,000
8,565;63,000
8,575;55,000
8,585;45,000
8,595;75,000
8,605;47,000
8,615;57,000
8,625;55,000
8,635;66,000
8,645;49,000
8,655;57,000
8,665;58,000
8,675;60,000
8,685;61,000
8,695;63,000
8,705;52,000
8,715;50,000
8,725;63,000
8,735;59,000
8,745;68,000
8,755;42,000
8,765;64,000
8,775;47,000
8,785;49,000
8,795;65,000
8,805;62,000
8,815;59,000
8,825;49,000
8,835;70,000
8,845;59,000
8,855;51,000
8,865;65,000
8,875;64,000
8,885;58,000
8,895;61,000
8,905;51,000
8,915;53,000
8,925;63,000
8,935;57,000
8,945;58,000
8,955;67,000
8,965;51,000
8,975;55,000
8,985;49,000
8,995;62,000
9,005;48,000
9,015;47,000
9,025;50,000
9,035;68,000
9,045;75,000
9,055;59,000
9,065;58,000
9,075;44,000
9,085;59,000
9,095;51,000
9,105;55,000
9,115;63,000
9,125;53,000
9,135;64,000
9,145;47,000
9,155;61,000
9,165;52,000
9,175;58,000
9,185;70,000
9,195;55,000
9,205;54,000
9,215;55,000
9,225;57,000
9,235;68,000
9,245;53,000
9,255;63,000
9,265;66,000
9,275;50,000
9,285;74,000
9,295;53,000
9,305;58,000
9,315;58,000
9,325;67,000
9,335;80,000
9,345;63,000
9,355;74,000
9,365;76,000
9,375;58,000
9,385;59,000
9,395;62,000
9,405;89,000
9,415;89,000
9,425;89,000
9,435;101,000
9,445;88,000
9,455;77,000
9,465;79,000
9,475;111,000
9,485;100,000
9,495;110,000
9,505;110,000
9,515;100,000
9,525;101,000
9,535;109,000
9,545;105,000
9,555;125,000
9,565;131,000
9,575;151,000
9,585;120,000
9,595;150,000
9,605;137,000
9,615;158,000
9,625;131,000
9,635;130,000
9,645;158,000
9,655;163,000
9,665;175,000
9,675;169,000
9,685;190,000
9,695;172,000
9,705;172,000
9,715;194,000
9,725;203,000
9,735;183,000
9,745;183,000
9,755;187,000
9,765;195,000
9,775;200,000
9,785;195,000
9,795;204,000
9,805;179,000
9,815;203,000
9,825;197,000
9,835;184,000
9,845;228,000
9,855;187,000
9,865;225,000
9,875;194,000
9,885;196,000
9,895;189,000
9,905;167,000
9,915;171,000
9,925;178,000
9,935;177,000
9,945;172,000
9,955;197,000
9,965;170,000
9,975;153,000
9,985;191,000
9,995;192,000
10,005;167,000
10,015;154,000
10,025;181,000
10,035;158,000
10,045;139,000
10,055;153,000
10,065;163,000
10,075;153,000
10,085;116,000
10,095;118,000
10,105;133,000
10,115;118,000
10,125;119,000
10,135;114,000
10,145;113,000
10,155;104,000
10,165;116,000
10,175;90,000
10,185;79,000
10,195;85,000
10,205;85,000
10,215;105,000
10,225;76,000
10,235;75,000
10,245;66,000
10,255;65,000
10,265;71,000
10,275;64,000
10,285;59,000
10,295;62,000
10,305;43,000
10,315;49,000
10,325;47,000
10,335;55,000
10,345;50,000
10,355;48,000
10,365;40,000
10,375;44,000
10,385;49,000
10,395;52,000
10,405;40,000
10,415;54,000
10,425;45,000
10,435;50,000
10,445;43,000
10,455;34,000
10,465;33,000
10,475;46,000
10,485;41,000
10,495;47,000
10,505;45,000
10,515;49,000
10,525;44,000
10,535;33,000
10,545;55,000
10,555;53,000
10,565;50,000
10,575;53,000
10,585;51,000
10,595;60,000
10,605;54,000
10,615;78,000
10,625;61,000
10,635;76,000
10,645;57,000
10,655;77,000
10,665;66,000
10,675;61,000
10,685;63,000
10,695;80,000
10,705;83,000
10,715;90,000
10,725;97,000
10,735;100,000
10,745;102,000
10,755;102,000
10,765;102,000
10,775;106,000
10,785;94,000
10,795;103,000
10,805;121,000
10,815;113,000
10,825;113,000
10,835;139,000
10,845;130,000
10,855;136,000
10,865;133,000
10,875;146,000
10,885;139,000
10,895;136,000
10,905;150,000
10,915;150,000
10,925;155,000
10,935;127,000
10,945;154,000
10,955;127,000
10,965;162,000
10,975;155,000
10,985;144,000
10,995;143,000
11,005;161,000
11,015;166,000
11,025;152,000
11,035;172,000
11,045;158,000
11,055;172,000
11,065;149,000
11,075;156,000
11,085;154,000
11,095;154,000
11,105;144,000
11,115;149,000
11,125;168,000
11,135;144,000
11,145;155,000
11,155;115,000
11,165;131,000
11,175;144,000
11,185;144,000
11,195;150,000
11,205;131,000
11,215;128,000
11,225;127,000
11,235;114,000
11,245;129,000
11,255;113,000
11,265;113,000
11,275;109,000
11,285;114,000
11,295;96,000
11,305;87,000
11,315;89,000
11,325;73,000
11,335;76,000
11,345;92,000
11,355;87,000
11,365;87,000
11,375;64,000
11,385;76,000
11,395;89,000
11,405;61,000
11,415;56,000
11,425;64,000
11,435;62,000
11,445;65,000
11,455;78,000
11,465;56,000
11,475;49,000
11,485;45,000
11,495;56,000
11,505;42,000
11,515;44,000
11,525;50,000
11,535;33,000
11,545;39,000
11,555;42,000
11,565;21,000
11,575;33,000
11,585;26,000
11,595;25,000
11,605;27,000
11,615;24,000
11,625;27,000
11,635;29,000
11,645;21,000
11,655;13,000
11,665;30,000
11,675;18,000
11,685;14,000
11,695;17,000
11,705;23,000
11,715;16,000
11,725;11,000
11,735;23,000
11,745;19,000
11,755;14,000
11,765;18,000
11,775;9,000
11,785;16,000
11,795;16,000
11,805;9,000
11,815;16,000
11,825;13,000
11,835;12,000
11,845;9,000
11,855;14,000
11,865;10,000
11,875;7,000
11,885;10,000
11,895;12,000
11,905;14,000
11,915;8,000
11,925;9,000
11,935;10,000
11,945;13,000
11,955;13,000
11,965;6,000
11,975;12,000
11,985;11,000
11,995;15,000
12,005;12,000
12,015;9,000
12,025;6,000
12,035;8,000
12,045;15,000
12,055;7,000
12,065;11,000
12,075;8,000
12,085;6,000
12,095;5,000
12,105;7,000
12,115;6,000
12,125;3,000
12,135;12,000
12,145;12,000
12,155;9,000
12,165;7,000
12,175;9,000
12,185;5,000
12,195;5,000
12,205;4,000
12,215;5,000
12,225;7,000
12,235;6,000
12,245;6,000
12,255;6,000
12,265;6,000
12,275;3,000
12,285;2,000
12,295;8,000
12,305;4,000
12,315;7,000
12,325;5,000
12,335;5,000
12,345;2,000
12,355;8,000
12,365;5,000
12,375;5,000
12,385;6,000
12,395;3,000
12,405;3,000
12,415;3,000
12,425;4,000
12,435;5,000
12,445;6,000
12,455;3,000
12,465;4,000
12,475;3,000
12,485;2,000
12,495;2,000
12,505;5,000
12,515;7,000
12,525;4,000
12,535;0,000
12,545;3,000
12,555;3,000
12,565;1,000
12,575;3,000
12,585;2,000
12,595;6,000
12,605;2,000
12,615;3,000
12,625;2,000
12,635;2,000
12,645;5,000
12,655;1,000
12,665;1,000
12,675;3,000
12,685;5,000
12,695;4,000
12,705;3,000
12,715;3,000
12,725;2,000
12,735;2,000
12,745;4,000
12,755;4,000
12,765;5,000
12,775;0,000
12,785;0,000
12,795;2,000
12,805;0,000
12,815;0,000
12,825;2,000
12,835;1,000
12,845;2,000
12,855;0,000
12,865;2,000
12,875;4,000
12,885;6,000
12,895;5,000
12,905;3,000
12,915;1,000
12,925;1,000
12,935;1,000
12,945;3,000
12,955;2,000
12,965;4,000
12,975;3,000
12,985;2,000
12,995;4,000
13,005;3,000
13,015;1,000
13,025;1,000
13,035;5,000
13,045;0,000
13,055;4,000
13,065;2,000
13,075;2,000
13,085;2,000
13,095;0,000
13,105;3,000
13,115;3,000
13,125;3,000
13,135;3,000
13,145;1,000
13,155;1,000
13,165;1,000
13,175;1,000
13,185;1,000
13,195;0,000
13,205;0,000
13,215;1,000
13,225;2,000
13,235;0,000
13,245;0,000
13,255;2,000
13,265;1,000
13,275;1,000
13,285;0,000
13,295;4,000
13,305;2,000
13,315;1,000
13,325;0,000
13,335;2,000
13,345;3,000
13,355;2,000
13,365;2,000
13,375;1,000
13,385;2,000
13,395;3,000
13,405;1,000
13,415;0,000
13,425;0,000
13,435;1,000
13,445;2,000
13,455;2,000
13,465;1,000
13,475;1,000
13,485;3,000
13,495;2,000
13,505;2,000
13,515;4,000
13,525;2,000
13,535;1,000
13,545;1,000
13,555;0,000
13,565;1,000
13,575;3,000
13,585;1,000
13,595;2,000
13,605;2,000
13,615;0,000
13,625;0,000
13,635;5,000
13,645;1,000
13,655;3,000
13,665;3,000
13,675;0,000
13,685;2,000
13,695;4,000
13,705;1,000
13,715;1,000
13,725;3,000
13,735;0,000
13,745;0,000
13,755;4,000
13,765;0,000
13,775;1,000
13,785;4,000
13,795;1,000
13,805;0,000
13,815;3,000
13,825;2,000
13,835;2,000
13,845;1,000
13,855;1,000
13,865;1,000
13,875;0,000
13,885;2,000
13,895;2,000
13,905;1,000
13,915;1,000
13,925;1,000
13,935;2,000
13,945;0,000
13,955;0,000
13,965;1,000
13,975;2,000
13,985;1,000
13,995;0,000
14,005;5,000
14,015;4,000
14,025;1,000
14,035;3,000
14,045;1,000
14,055;2,000
14,065;1,000
14,075;1,000
14,085;3,000
14,095;2,000
14,105;3,000
14,115;2,000
14,125;2,000
14,135;0,000
14,145;0,000
14,155;1,000
14,165;2,000
14,175;0,000
14,185;3,000
14,195;1,000
14,205;0,000
14,215;2,000
14,225;2,000
14,235;3,000
14,245;1,000
14,255;2,000
14,265;1,000
14,275;2,000
14,285;1,000
14,295;3,000
14,305;1,000
14,315;2,000
14,325;3,000
14,335;0,000
14,345;1,000
14,355;1,000
14,365;1,000
14,375;3,000
14,385;1,000
14,395;1,000
14,405;4,000
14,415;1,000
14,425;1,000
14,435;2,000
14,445;0,000
14,455;2,000
14,465;2,000
14,475;2,000
14,485;1,000
14,495;2,000
14,505;2,000
14,515;2,000
14,525;1,000
14,535;1,000
14,545;0,000
14,555;0,000
14,565;1,000
14,575;2,000
14,585;1,000
14,595;1,000
14,605;0,000
14,615;1,000
14,625;2,000
14,635;0,000
14,645;1,000
14,655;2,000
14,665;2,000
14,675;1,000
14,685;1,000
14,695;1,000
14,705;0,000
14,715;1,000
14,725;2,000
14,735;1,000
14,745;1,000
14,755;1,000
14,765;0,000
14,775;3,000
14,785;0,000
14,795;2,000
14,805;2,000
14,815;2,000
14,825;3,000
14,835;0,000
14,845;2,000
14,855;0,000
14,865;1,000
14,875;1,000
14,885;0,000
14,895;1,000
14,905;2,000
14,915;0,000
14,925;3,000
14,935;1,000
14,945;0,000
14,955;1,000
14,965;0,000
14,975;2,000
14,985;2,000
14,995;0,000
15,005;2,000
15,015;0,000
15,025;0,000
15,035;0,000
15,045;2,000
15,055;1,000
15,065;0,000
15,075;3,000
15,085;1,000
15,095;1,000
15,105;1,000
15,115;0,000
15,125;3,000
15,135;0,000
15,145;1,000
15,155;2,000
15,165;1,000
15,175;1,000
15,185;1,000
15,195;0,000
15,205;0,000
15,215;2,000
15,225;1,000
15,235;0,000
15,245;0,000
15,255;0,000
15,265;2,000
15,275;0,000
15,285;1,000
15,295;2,000
15,305;1,000
15,315;2,000
15,325;0,000
15,335;0,000
15,345;4,000
15,355;3,000
15,365;5,000
15,375;0,000
15,385;3,000
15,395;1,000
15,405;3,000
15,415;4,000
15,425;6,000
15,435;0,000
15,445;1,000
15,455;2,000
15,465;3,000
15,475;6,000
15,485;2,000
15,495;3,000
15,505;1,000
15,515;9,000
15,525;2,000
15,535;0,000
15,545;5,000
15,555;11,000
15,565;3,000
15,575;2,000
15,585;7,000
15,595;3,000
15,605;7,000
15,615;3,000
15,625;5,000
15,635;5,000
15,645;4,000
15,655;0,000
15,665;2,000
15,675;3,000
15,685;6,000
15,695;5,000
15,705;8,000
15,715;4,000
15,725;1,000
15,735;3,000
15,745;3,000
15,755;4,000
15,765;0,000
15,775;6,000
15,785;6,000
15,795;4,000
15,805;5,000
15,815;7,000
15,825;1,000
15,835;1,000
15,845;3,000
15,855;5,000
15,865;2,000
15,875;4,000
15,885;0,000
15,895;4,000
15,905;2,000
15,915;3,000
15,925;1,000
15,935;2,000
15,945;5,000
15,955;0,000
15,965;0,000
15,975;0,000
15,985;2,000
15,995;2,000
16,005;1,000
16,015;1,000
16,025;1,000
16,035;2,000
16,045;2,000
16,055;0,000
16,065;1,000
16,075;0,000
16,085;1,000
16,095;0,000
16,105;1,000
16,115;0,000
16,125;1,000
16,135;1,000
16,145;0,000
16,155;1,000
16,165;2,000
16,175;3,000
16,185;5,000
16,195;0,000
16,205;1,000
16,215;1,000
16,225;1,000
16,235;1,000
16,245;2,000
16,255;1,000
16,265;1,000
16,275;2,000
16,285;1,000
16,295;0,000
16,305;0,000
16,315;3,000
16,325;1,000
16,335;2,000
16,345;4,000
16,355;2,000
16,365;2,000
16,375;1,000
16,385;1,000
16,395;0,000
16,405;0,000
16,415;1,000
16,425;1,000
16,435;2,000
16,445;0,000
16,455;2,000
16,465;1,000
16,475;2,000
16,485;0,000
16,495;1,000
16,505;4,000
16,515;2,000
16,525;0,000
16,535;5,000
16,545;1,000
16,555;2,000
16,565;1,000
16,575;3,000
16,585;1,000
16,595;4,000
16,605;4,000
16,615;1,000
16,625;4,000
16,635;0,000
16,645;3,000
16,655;0,000
16,665;6,000
16,675;4,000
16,685;3,000
16,695;1,000
16,705;7,000
16,715;1,000
16,725;4,000
16,735;4,000
16,745;3,000
16,755;1,000
16,765;0,000
16,775;2,000
16,785;6,000
16,795;0,000
16,805;2,000
16,815;5,000
16,825;2,000
16,835;2,000
16,845;2,000
16,855;3,000
16,865;0,000
16,875;1,000
16,885;2,000
16,895;1,000
16,905;1,000
16,915;2,000
16,925;3,000
16,935;0,000
16,945;2,000
16,955;0,000
16,965;0,000
16,975;2,000
16,985;1,000
16,995;1,000
17,005;0,000
17,015;1,000
17,025;1,000
17,035;1,000
17,045;0,000
17,055;1,000
17,065;2,000
17,075;0,000
17,085;0,000
17,095;2,000
17,105;0,000
17,115;0,000
17,125;0,000
17,135;0,000
17,145;1,000
17,155;0,000
17,165;0,000
17,175;0,000
17,185;0,000
17,195;0,000
17,205;0,000
17,215;0,000
17,225;0,000
17,235;0,000
17,245;0,000
17,255;0,000
17,265;0,000
17,275;0,000
17,285;0,000
17,295;0,000
17,305;1,000
17,315;0,000
17,325;0,000
17,335;0,000
17,345;0,000
17,355;0,000
17,365;0,000
17,375;0,000
17,385;0,000
17,395;0,000
17,405;0,000
17,415;0,000
17,425;0,000
17,435;0,000
17,445;0,000
17,455;0,000
17,465;0,000
17,475;1,000
17,485;0,000
17,495;0,000
17,505;1,000
17,515;0,000
17,525;0,000
17,535;0,000
17,545;0,000
17,555;0,000
17,565;0,000
17,575;0,000
17,585;0,000
17,595;0,000
17,605;0,000
17,615;1,000
17,625;0,000
17,635;0,000
17,645;0,000
17,655;0,000
17,665;0,000
17,675;0,000
17,685;0,000
17,695;0,000
17,705;0,000
17,715;0,000
17,725;0,000
17,735;0,000
17,745;0,000
17,755;0,000
17,765;0,000
17,775;0,000
17,785;0,000
17,795;0,000
17,805;0,000
17,815;0,000
17,825;0,000
17,835;0,000
17,845;0,000
17,855;0,000
17,865;0,000
17,875;0,000
17,885;0,000
17,895;0,000
17,905;0,000
17,915;0,000
17,925;0,000
17,935;0,000
17,945;0,000
17,955;0,000
17,965;0,000
17,975;0,000
17,985;0,000
17,995;0,000
18,005;1,000
18,015;0,000
18,025;0,000
18,035;0,000
18,045;0,000
18,055;0,000
18,065;0,000
18,075;0,000
18,085;0,000
18,095;0,000
18,105;0,000
18,115;0,000
18,125;0,000
18,135;0,000
18,145;0,000
18,155;0,000
18,165;0,000
18,175;0,000
18,185;0,000
18,195;0,000
18,205;0,000
18,215;0,000
18,225;1,000
18,235;0,000
18,245;0,000
18,255;0,000
18,265;0,000
18,275;0,000
18,285;0,000
18,295;0,000
18,305;0,000
18,315;0,000
18,325;0,000
18,335;0,000
18,345;0,000
18,355;0,000
18,365;0,000
18,375;0,000
18,385;0,000
18,395;0,000
18,405;0,000
18,415;0,000
18,425;0,000
18,435;0,000
18,445;1,000
18,455;0,000
18,465;0,000
18,475;0,000
18,485;0,000
18,495;0,000
18,505;0,000
18,515;0,000
18,525;0,000
18,535;0,000
18,545;0,000
18,555;1,000
18,565;0,000
18,575;0,000
18,585;0,000
18,595;0,000
18,605;0,000
18,615;0,000
18,625;0,000
18,635;0,000
18,645;0,000
18,655;0,000
18,665;0,000
18,675;0,000
18,685;0,000
18,695;0,000
18,705;0,000
18,715;0,000
18,725;0,000
18,735;0,000
18,745;0,000
18,755;0,000
18,765;0,000
18,775;0,000
18,785;0,000
18,795;0,000
18,805;0,000
18,815;0,000
18,825;0,000
18,835;0,000
18,845;0,000
18,855;0,000
18,865;0,000
18,875;0,000
18,885;0,000
18,895;0,000
18,905;0,000
18,915;0,000
18,925;0,000
18,935;0,000
18,945;0,000
18,955;0,000
18,965;0,000
18,975;0,000
18,985;0,000
18,995;0,000
19,005;0,000
19,015;0,000
19,025;0,000
19,035;0,000
19,045;0,000
19,055;0,000
19,065;0,000
19,075;0,000
19,085;0,000
19,095;0,000
19,105;0,000
19,115;0,000
19,125;0,000
19,135;0,000
19,145;0,000
19,155;0,000
19,165;0,000
19,175;0,000
19,185;0,000
19,195;0,000
19,205;0,000
19,215;0,000
19,225;0,000
19,235;0,000
19,245;0,000
19,255;0,000
19,265;0,000
19,275;0,000
19,285;0,000
19,295;0,000
19,305;1,000
19,315;0,000
19,325;0,000
19,335;0,000
19,345;0,000
19,355;0,000
19,365;0,000
19,375;0,000
19,385;0,000
19,395;0,000
19,405;0,000
19,415;0,000
19,425;0,000
19,435;0,000
19,445;0,000
19,455;1,000
19,465;0,000
19,475;0,000
19,485;0,000
19,495;1,000
19,505;0,000
19,515;0,000
19,525;0,000
19,535;0,000
19,545;0,000
19,555;1,000
19,565;0,000
19,575;0,000
19,585;0,000
19,595;0,000
19,605;0,000
19,615;0,000
19,625;0,000
19,635;0,000
19,645;0,000
19,655;0,000
19,665;0,000
19,675;0,000
19,685;0,000
19,695;0,000
19,705;0,000
19,715;0,000
19,725;0,000
19,735;0,000
19,745;0,000
19,755;0,000
19,765;0,000
19,775;0,000
19,785;0,000
19,795;0,000
19,805;0,000
19,815;0,000
19,825;0,000
19,835;0,000
19,845;0,000
19,855;0,000
19,865;0,000
19,875;0,000
19,885;0,000
19,895;0,000
19,905;0,000
19,915;0,000
19,925;149,000
19,935;0,000
19,945;0,000
19,955;0,000
19,965;0,000
19,975;0,000
19,985;0,000
19,995;29,000
