0,005;0,000
0,015;0,000
0,025;0,000
0,035;0,000
0,045;0,000
0,055;0,000
0,065;0,000
0,075;0,000
0,085;0,000
0,095;0,000
0,105;0,000
0,115;0,000
0,125;0,000
0,135;0,000
0,145;0,000
0,155;0,000
0,165;0,000
0,175;0,000
0,185;0,000
0,195;0,000
0,205;0,000
0,215;0,000
0,225;0,000
0,235;0,000
0,245;0,000
0,255;0,000
0,265;0,000
0,275;0,000
0,285;0,000
0,295;0,000
0,305;0,000
0,315;0,000
0,325;0,000
0,335;0,000
0,345;0,000
0,355;0,000
0,365;0,000
0,375;0,000
0,385;0,000
0,395;0,000
0,405;0,000
0,415;0,000
0,425;0,000
0,435;0,000
0,445;0,000
0,455;0,000
0,465;0,000
0,475;0,000
0,485;0,000
0,495;0,000
0,505;0,000
0,515;0,000
0,525;0,000
0,535;0,000
0,545;0,000
0,555;0,000
0,565;0,000
0,575;0,000
0,585;0,000
0,595;0,000
0,605;0,000
0,615;0,000
0,625;0,000
0,635;0,000
0,645;0,000
0,655;0,000
0,665;0,000
0,675;0,000
0,685;0,000
0,695;0,000
0,705;0,000
0,715;0,000
0,725;0,000
0,735;0,000
0,745;0,000
0,755;0,000
0,765;0,000
0,775;0,000
0,785;0,000
0,795;0,000
0,805;0,000
0,815;0,000
0,825;0,000
0,835;0,000
0,845;0,000
0,855;0,000
0,865;0,000
0,875;0,000
0,885;0,000
0,895;0,000
0,905;0,000
0,915;0,000
0,925;0,000
0,935;0,000
0,945;0,000
0,955;0,000
0,965;0,000
0,975;0,000
0,985;0,000
0,995;0,000
1,005;0,000
1,015;0,000
1,025;0,000
1,035;0,000
1,045;0,000
1,055;0,000
1,065;0,000
1,075;0,000
1,085;0,000
1,095;0,000
1,105;0,000
1,115;0,000
1,125;0,000
1,135;0,000
1,145;0,000
1,155;0,000
1,165;0,000
1,175;0,000
1,185;0,000
1,195;0,000
1,205;0,000
1,215;0,000
1,225;0,000
1,235;0,000
1,245;0,000
1,255;0,000
1,265;0,000
1,275;0,000
1,285;0,000
1,295;0,000
1,305;0,000
1,315;0,000
1,325;0,000
1,335;0,000
1,345;0,000
1,355;0,000
1,365;0,000
1,375;0,000
1,385;0,000
1,395;0,000
1,405;0,000
1,415;0,000
1,425;0,000
1,435;0,000
1,445;0,000
1,455;1,000
1,465;4,000
1,475;30,000
1,485;105,000
1,495;191,000
1,505;235,000
1,515;233,000
1,525;245,000
1,535;211,000
1,545;216,000
1,555;240,000
1,565;264,000
1,575;257,000
1,585;243,000
1,595;256,000
1,605;245,000
1,615;229,000
1,625;265,000
1,635;208,000
1,645;241,000
1,655;222,000
1,665;220,000
1,675;222,000
1,685;241,000
1,695;232,000
1,705;255,000
1,715;229,000
1,725;215,000
1,735;214,000
1,745;222,000
1,755;227,000
1,765;245,000
1,775;222,000
1,785;215,000
1,795;206,000
1,805;206,000
1,815;233,000
1,825;208,000
1,835;223,000
1,845;241,000
1,855;208,000
1,865;249,000
1,875;218,000
1,885;221,000
1,895;220,000
1,905;219,000
1,915;216,000
1,925;196,000
1,935;195,000
1,945;217,000
1,955;217,000
1,965;226,000
1,975;182,000
1,985;205,000
1,995;203,000
2,005;223,000
2,015;176,000
2,025;205,000
2,035;179,000
2,045;220,000
2,055;206,000
2,065;193,000
2,075;193,000
2,085;184,000
2,095;218,000
2,105;199,000
2,115;194,000
2,125;208,000
2,135;214,000
2,145;196,000
2,155;192,000
2,165;206,000
2,175;189,000
2,185;168,000
2,195;179,000
2,205;211,000
2,215;192,000
2,225;167,000
2,235;187,000
2,245;189,000
2,255;204,000
2,265;208,000
2,275;187,000
2,285;208,000
2,295;193,000
2,305;172,000
2,315;196,000
2,325;197,000
2,335;183,000
2,345;177,000
2,355;175,000
2,365;185,000
2,375;177,000
2,385;176,000
2,395;188,000
2,405;193,000
2,415;172,000
2,425;169,000
2,435;155,000
2,445;173,000
2,455;145,000
2,465;144,000
2,475;182,000
2,485;152,000
2,495;144,000
2,505;144,000
2,515;151,000
2,525;159,000
2,535;161,000
2,545;142,000
2,555;163,000
2,565;155,000
2,575;151,000
2,585;146,000
2,595;150,000
2,605;157,000
2,615;157,000
2,625;168,000
2,635;151,000
2,645;141,000
2,655;142,000
2,665;135,000
2,675;142,000
2,685;130,000
2,695;147,000
2,705;135,000
2,715;140,000
2,725;149,000
2,735;132,000
2,745;138,000
2,755;146,000
2,765;162,000
2,775;148,000
2,785;142,000
2,795;167,000
2,805;153,000
2,815;142,000
2,825;130,000
2,835;141,000
2,845;139,000
2,855;146,000
2,865;168,000
2,875;145,000
2,885;145,000
2,895;142,000
2,905;134,000
2,915;139,000
2,925;150,000
2,935;122,000
2,945;136,000
2,955;140,000
2,965;144,000
2,975;118,000
2,985;140,000
2,995;145,000
3,005;121,000
3,015;138,000
3,025;131,000
3,035;159,000
3,045;146,000
3,055;146,000
3,065;125,000
3,075;124,000
3,085;114,000
3,095;123,000
3,105;112,000
3,115;123,000
3,125;130,000
3,135;116,000
3,145;158,000
3,155;120,000
3,165;147,000
3,175;130,000
3,185;133,000
3,195;147,000
3,205;131,000
3,215;128,000
3,225;133,000
3,235;146,000
3,245;150,000
3,255;129,000
3,265;121,000
3,275;126,000
3,285;128,000
3,295;119,000
3,305;129,000
3,315;124,000
3,325;128,000
3,335;124,000
3,345;126,000
3,355;124,000
3,365;133,000
3,375;127,000
3,385;128,000
3,395;116,000
3,405;129,000
3,415;113,000
3,425;138,000
3,435;102,000
3,445;126,000
3,455;118,000
3,465;121,000
3,475;115,000
3,485;123,000
3,495;112,000
3,505;133,000
3,515;113,000
3,525;134,000
3,535;116,000
3,545;93,000
3,555;109,000
3,565;122,000
3,575;111,000
3,585;101,000
3,595;137,000
3,605;121,000
3,615;96,000
3,625;121,000
3,635;103,000
3,645;120,000
3,655;109,000
3,665;113,000
3,675;121,000
3,685;131,000
3,695;125,000
3,705;116,000
3,715;110,000
3,725;104,000
3,735;117,000
3,745;127,000
3,755;118,000
3,765;108,000
3,775;103,000
3,785;122,000
3,795;128,000
3,805;113,000
3,815;99,000
3,825;109,000
3,835;115,000
3,845;94,000
3,855;94,000
3,865;112,000
3,875;106,000
3,885;106,000
3,895;116,000
3,905;103,000
3,915;133,000
3,925;123,000
3,935;119,000
3,945;104,000
3,955;124,000
3,965;105,000
3,975;139,000
3,985;130,000
3,995;100,000
4,005;135,000
4,015;122,000
4,025;103,000
4,035;131,000
4,045;118,000
4,055;103,000
4,065;108,000
4,075;114,000
4,085;117,000
4,095;108,000
4,105;104,000
4,115;100,000
4,125;89,000
4,135;113,000
4,145;116,000
4,155;126,000
4,165;100,000
4,175;120,000
4,185;115,000
4,195;101,000
4,205;103,000
4,215;108,000
4,225;114,000
4,235;114,000
4,245;99,000
4,255;92,000
4,265;122,000
4,275;117,000
4,285;101,000
4,295;94,000
4,305;97,000
4,315;106,000
4,325;105,000
4,335;99,000
4,345;98,000
4,355;106,000
4,365;106,000
4,375;92,000
4,385;100,000
4,395;95,000
4,405;123,000
4,415;94,000
4,425;106,000
4,435;86,000
4,445;110,000
4,455;89,000
4,465;108,000
4,475;104,000
4,485;98,000
4,495;99,000
4,505;82,000
4,515;97,000
4,525;91,000
4,535;97,000
4,545;111,000
4,555;99,000
4,565;108,000
4,575;100,000
4,585;95,000
4,595;104,000
4,605;115,000
4,615;79,000
4,625;107,000
4,635;91,000
4,645;128,000
4,655;105,000
4,665;89,000
4,675;117,000
4,685;110,000
4,695;116,000
4,705;83,000
4,715;113,000
4,725;93,000
4,735;103,000
4,745;93,000
4,755;97,000
4,765;88,000
4,775;100,000
4,785;114,000
4,795;88,000
4,805;91,000
4,815;90,000
4,825;99,000
4,835;96,000
4,845;88,000
4,855;92,000
4,865;80,000
4,875;99,000
4,885;72,000
4,895;68,000
4,905;101,000
4,915;106,000
4,925;98,000
4,935;82,000
4,945;103,000
4,955;110,000
4,965;118,000
4,975;100,000
4,985;85,000
4,995;103,000
5,005;99,000
5,015;90,000
5,025;91,000
5,035;107,000
5,045;109,000
5,055;98,000
5,065;90,000
5,075;97,000
5,085;87,000
5,095;86,000
5,105;110,000
5,115;85,000
5,125;103,000
5,135;99,000
5,145;105,000
5,155;86,000
5,165;96,000
5,175;132,000
5,185;88,000
5,195;105,000
5,205;104,000
5,215;93,000
5,225;100,000
5,235;104,000
5,245;96,000
5,255;95,000
5,265;107,000
5,275;96,000
5,285;101,000
5,295;86,000
5,305;88,000
5,315;106,000
5,325;110,000
5,335;90,000
5,345;115,000
5,355;92,000
5,365;88,000
5,375;91,000
5,385;107,000
5,395;78,000
5,405;87,000
5,415;103,000
5,425;91,000
5,435;73,000
5,445;98,000
5,455;103,000
5,465;84,000
5,475;107,000
5,485;100,000
5,495;102,000
5,505;98,000
5,515;106,000
5,525;87,000
5,535;98,000
5,545;86,000
5,555;91,000
5,565;98,000
5,575;91,000
5,585;92,000
5,595;89,000
5,605;68,000
5,615;96,000
5,625;78,000
5,635;83,000
5,645;82,000
5,655;100,000
5,665;96,000
5,675;76,000
5,685;77,000
5,695;93,000
5,705;83,000
5,715;98,000
5,725;95,000
5,735;93,000
5,745;79,000
5,755;94,000
5,765;81,000
5,775;105,000
5,785;88,000
5,795;83,000
5,805;92,000
5,815;87,000
5,825;85,000
5,835;96,000
5,845;88,000
5,855;87,000
5,865;95,000
5,875;73,000
5,885;90,000
5,895;78,000
5,905;94,000
5,915;80,000
5,925;84,000
5,935;90,000
5,945;89,000
5,955;92,000
5,965;89,000
5,975;89,000
5,985;97,000
5,995;83,000
6,005;94,000
6,015;79,000
6,025;98,000
6,035;98,000
6,045;96,000
6,055;83,000
6,065;76,000
6,075;79,000
6,085;95,000
6,095;96,000
6,105;78,000
6,115;92,000
6,125;99,000
6,135;97,000
6,145;102,000
6,155;104,000
6,165;101,000
6,175;95,000
6,185;83,000
6,195;87,000
6,205;82,000
6,215;103,000
6,225;72,000
6,235;94,000
6,245;75,000
6,255;100,000
6,265;99,000
6,275;91,000
6,285;98,000
6,295;82,000
6,305;89,000
6,315;80,000
6,325;64,000
6,335;86,000
6,345;91,000
6,355;73,000
6,365;86,000
6,375;89,000
6,385;76,000
6,395;75,000
6,405;89,000
6,415;82,000
6,425;96,000
6,435;85,000
6,445;84,000
6,455;79,000
6,465;86,000
6,475;79,000
6,485;86,000
6,495;77,000
6,505;97,000
6,515;81,000
6,525;73,000
6,535;80,000
6,545;83,000
6,555;103,000
6,565;97,000
6,575;80,000
6,585;81,000
6,595;76,000
6,605;82,000
6,615;75,000
6,625;77,000
6,635;83,000
6,645;83,000
6,655;94,000
6,665;94,000
6,675;75,000
6,685;89,000
6,695;82,000
6,705;73,000
6,715;101,000
6,725;80,000
6,735;70,000
6,745;90,000
6,755;89,000
6,765;83,000
6,775;65,000
6,785;71,000
6,795;99,000
6,805;80,000
6,815;71,000
6,825;84,000
6,835;88,000
6,845;75,000
6,855;99,000
6,865;76,000
6,875;83,000
6,885;88,000
6,895;82,000
6,905;88,000
6,915;66,000
6,925;85,000
6,935;96,000
6,945;96,000
6,955;83,000
6,965;90,000
6,975;91,000
6,985;69,000
6,995;92,000
7,005;98,000
7,015;90,000
7,025;92,000
7,035;77,000
7,045;97,000
7,055;77,000
7,065;74,000
7,075;81,000
7,085;84,000
7,095;84,000
7,105;89,000
7,115;78,000
7,125;88,000
7,135;88,000
7,145;99,000
7,155;99,000
7,165;68,000
7,175;86,000
7,185;77,000
7,195;84,000
7,205;84,000
7,215;85,000
7,225;92,000
7,235;87,000
7,245;83,000
7,255;79,000
7,265;74,000
7,275;79,000
7,285;77,000
7,295;77,000
7,305;81,000
7,315;99,000
7,325;100,000
7,335;67,000
7,345;74,000
7,355;105,000
7,365;89,000
7,375;80,000
7,385;74,000
7,395;87,000
7,405;81,000
7,415;77,000
7,425;89,000
7,435;86,000
7,445;83,000
7,455;75,000
7,465;71,000
7,475;80,000
7,485;87,000
7,495;99,000
7,505;87,000
7,515;84,000
7,525;86,000
7,535;83,000
7,545;85,000
7,555;80,000
7,565;96,000
7,575;82,000
7,585;86,000
7,595;71,000
7,605;85,000
7,615;77,000
7,625;67,000
7,635;77,000
7,645;85,000
7,655;80,000
7,665;72,000
7,675;87,000
7,685;87,000
7,695;82,000
7,705;79,000
7,715;76,000
7,725;89,000
7,735;83,000
7,745;84,000
7,755;71,000
7,765;61,000
7,775;87,000
7,785;79,000
7,795;85,000
7,805;75,000
7,815;74,000
7,825;94,000
7,835;82,000
7,845;75,000
7,855;75,000
7,865;84,000
7,875;81,000
7,885;86,000
7,895;86,000
7,905;79,000
7,915;70,000
7,925;84,000
7,935;63,000
7,945;73,000
7,955;71,000
7,965;86,000
7,975;78,000
7,985;74,000
7,995;70,000
8,005;57,000
8,015;61,000
8,025;73,000
8,035;77,000
8,045;73,000
8,055;71,000
8,065;70,000
8,075;67,000
8,085;70,000
8,095;67,000
8,105;63,000
8,115;80,000
8,125;66,000
8,135;65,000
8,145;82,000
8,155;69,000
8,165;65,000
8,175;74,000
8,185;66,000
8,195;64,000
8,205;53,000
8,215;71,000
8,225;60,000
8,235;64,000
8,245;60,000
8,255;62,000
8,265;41,000
8,275;60,000
8,285;63,000
8,295;78,000
8,305;52,000
8,315;63,000
8,325;64,000
8,335;71,000
8,345;59,000
8,355;64,000
8,365;53,000
8,375;75,000
8,385;60,000
8,395;60,000
8,405;58,000
8,415;74,000
8,425;61,000
8,435;65,000
8,445;56,000
8,455;89,000
8,465;63,000
8,475;52,000
8,485;65,000
8,495;73,000
8,505;68,000
8,515;63,000
8,525;62,000
8,535;73,000
8,545;58,000
8,555;58,000
8,565;65,000
8,575;65,000
8,585;45,000
8,595;56,000
8,605;62,000
8,615;74,000
8,625;51,000
8,635;59,000
8,645;54,000
8,655;74,000
8,665;66,000
8,675;55,000
8,685;74,000
8,695;72,000
8,705;45,000
8,715;53,000
8,725;66,000
8,735;66,000
8,745;52,000
8,755;54,000
8,765;67,000
8,775;40,000
8,785;34,000
8,795;51,000
8,805;64,000
8,815;60,000
8,825;54,000
8,835;60,000
8,845;66,000
8,855;49,000
8,865;56,000
8,875;60,000
8,885;49,000
8,895;60,000
8,905;56,000
8,915;46,000
8,925;51,000
8,935;58,000
8,945;63,000
8,955;65,000
8,965;53,000
8,975;63,000
8,985;54,000
8,995;57,000
9,005;57,000
9,015;55,000
9,025;59,000
9,035;56,000
9,045;61,000
9,055;58,000
9,065;64,000
9,075;58,000
9,085;58,000
9,095;68,000
9,105;51,000
9,115;57,000
9,125;63,000
9,135;55,000
9,145;52,000
9,155;49,000
9,165;68,000
9,175;57,000
9,185;52,000
9,195;57,000
9,205;68,000
9,215;56,000
9,225;60,000
9,235;60,000
9,245;62,000
9,255;62,000
9,265;66,000
9,275;49,000
9,285;61,000
9,295;48,000
9,305;61,000
9,315;55,000
9,325;56,000
9,335;65,000
9,345;71,000
9,355;66,000
9,365;60,000
9,375;66,000
9,385;67,000
9,395;91,000
9,405;78,000
9,415;84,000
9,425;91,000
9,435;72,000
9,445;65,000
9,455;78,000
9,465;79,000
9,475;102,000
9,485;88,000
9,495;99,000
9,505;98,000
9,515;92,000
9,525;111,000
9,535;99,000
9,545;128,000
9,555;113,000
9,565;130,000
9,575;102,000
9,585;123,000
9,595;115,000
9,605;121,000
9,615;133,000
9,625;152,000
9,635;143,000
9,645;141,000
9,655;147,000
9,665;130,000
9,675;141,000
9,685;156,000
9,695;148,000
9,705;152,000
9,715;140,000
9,725;162,000
9,735;169,000
9,745;139,000
9,755;158,000
9,765;160,000
9,775;131,000
9,785;158,000
9,795;163,000
9,805;149,000
9,815;156,000
9,825;155,000
9,835;169,000
9,845;141,000
9,855;156,000
9,865;150,000
9,875;152,000
9,885;151,000
9,895;155,000
9,905;131,000
9,915;132,000
9,925;168,000
9,935;143,000
9,945;140,000
9,955;143,000
9,965;126,000
9,975;134,000
9,985;122,000
9,995;127,000
10,005;128,000
10,015;110,000
10,025;121,000
10,035;111,000
10,045;98,000
10,055;102,000
10,065;102,000
10,075;92,000
10,085;96,000
10,095;85,000
10,105;91,000
10,115;94,000
10,125;66,000
10,135;80,000
10,145;84,000
10,155;72,000
10,165;83,000
10,175;67,000
10,185;63,000
10,195;61,000
10,205;50,000
10,215;60,000
10,225;64,000
10,235;58,000
10,245;63,000
10,255;51,000
10,265;51,000
10,275;51,000
10,285;51,000
10,295;47,000
10,305;57,000
10,315;39,000
10,325;40,000
10,335;32,000
10,345;39,000
10,355;41,000
10,365;34,000
10,375;39,000
10,385;48,000
10,395;43,000
10,405;29,000
10,415;45,000
10,425;27,000
10,435;43,000
10,445;47,000
10,455;30,000
10,465;37,000
10,475;47,000
10,485;36,000
10,495;46,000
10,505;41,000
10,515;32,000
10,525;44,000
10,535;42,000
10,545;42,000
10,555;42,000
10,565;64,000
10,575;39,000
10,585;48,000
10,595;56,000
10,605;61,000
10,615;61,000
10,625;67,000
10,635;56,000
10,645;60,000
10,655;66,000
10,665;66,000
10,675;69,000
10,685;56,000
10,695;52,000
10,705;70,000
10,715;76,000
10,725;70,000
10,735;74,000
10,745;90,000
10,755;99,000
10,765;93,000
10,775;76,000
10,785;93,000
10,795;97,000
10,805;74,000
10,815;104,000
10,825;111,000
10,835;118,000
10,845;103,000
10,855;105,000
10,865;119,000
10,875;107,000
10,885;119,000
10,895;112,000
10,905;103,000
10,915;118,000
10,925;127,000
10,935;128,000
10,945;122,000
10,955;123,000
10,965;124,000
10,975;150,000
10,985;111,000
10,995;119,000
11,005;108,000
11,015;116,000
11,025;118,000
11,035;125,000
11,045;135,000
11,055;146,000
11,065;150,000
11,075;122,000
11,085;106,000
11,095;107,000
11,105;107,000
11,115;98,000
11,125;125,000
11,135;112,000
11,145;133,000
11,155;110,000
11,165;121,000
11,175;109,000
11,185;96,000
11,195;108,000
11,205;77,000
11,215;102,000
11,225;82,000
11,235;101,000
11,245;73,000
11,255;64,000
11,265;78,000
11,275;86,000
11,285;76,000
11,295;71,000
11,305;71,000
11,315;66,000
11,325;65,000
11,335;55,000
11,345;58,000
11,355;58,000
11,365;55,000
11,375;34,000
11,385;48,000
11,395;50,000
11,405;52,000
11,415;46,000
11,425;39,000
11,435;47,000
11,445;44,000
11,455;30,000
11,465;28,000
11,475;42,000
11,485;26,000
11,495;40,000
11,505;26,000
11,515;37,000
11,525;34,000
11,535;34,000
11,545;29,000
11,555;30,000
11,565;17,000
11,575;23,000
11,585;21,000
11,595;24,000
11,605;22,000
11,615;18,000
11,625;23,000
11,635;18,000
11,645;18,000
11,655;12,000
11,665;22,000
11,675;12,000
11,685;4,000
11,695;23,000
11,705;10,000
11,715;14,000
11,725;9,000
11,735;15,000
11,745;13,000
11,755;14,000
11,765;11,000
11,775;11,000
11,785;16,000
11,795;17,000
11,805;10,000
11,815;8,000
11,825;19,000
11,835;16,000
11,845;16,000
11,855;9,000
11,865;11,000
11,875;8,000
11,885;14,000
11,895;12,000
11,905;7,000
11,915;10,000
11,925;14,000
11,935;12,000
11,945;13,000
11,955;15,000
11,965;14,000
11,975;10,000
11,985;13,000
11,995;13,000
12,005;3,000
12,015;9,000
12,025;8,000
12,035;12,000
12,045;15,000
12,055;11,000
12,065;10,000
12,075;12,000
12,085;6,000
12,095;14,000
12,105;7,000
12,115;8,000
12,125;11,000
12,135;6,000
12,145;6,000
12,155;7,000
12,165;14,000
12,175;10,000
12,185;13,000
12,195;5,000
12,205;13,000
12,215;7,000
12,225;5,000
12,235;6,000
12,245;6,000
12,255;13,000
12,265;9,000
12,275;5,000
12,285;9,000
12,295;5,000
12,305;6,000
12,315;6,000
12,325;4,000
12,335;9,000
12,345;6,000
12,355;9,000
12,365;7,000
12,375;5,000
12,385;8,000
12,395;3,000
12,405;4,000
12,415;5,000
12,425;8,000
12,435;4,000
12,445;5,000
12,455;8,000
12,465;2,000
12,475;5,000
12,485;5,000
12,495;5,000
12,505;7,000
12,515;3,000
12,525;2,000
12,535;1,000
12,545;4,000
12,555;4,000
12,565;5,000
12,575;1,000
12,585;5,000
12,595;4,000
12,605;1,000
12,615;1,000
12,625;4,000
12,635;2,000
12,645;3,000
12,655;6,000
12,665;2,000
12,675;4,000
12,685;3,000
12,695;1,000
12,705;5,000
12,715;1,000
12,725;3,000
12,735;2,000
12,745;0,000
12,755;3,000
12,765;4,000
12,775;2,000
12,785;4,000
12,795;1,000
12,805;1,000
12,815;3,000
12,825;1,000
12,835;6,000
12,845;2,000
12,855;3,000
12,865;3,000
12,875;1,000
12,885;3,000
12,895;2,000
12,905;1,000
12,915;4,000
12,925;4,000
12,935;5,000
12,945;4,000
12,955;0,000
12,965;2,000
12,975;4,000
12,985;5,000
12,995;1,000
13,005;2,000
13,015;4,000
13,025;1,000
13,035;4,000
13,045;4,000
13,055;2,000
13,065;2,000
13,075;1,000
13,085;1,000
13,095;1,000
13,105;0,000
13,115;2,000
13,125;4,000
13,135;2,000
13,145;2,000
13,155;2,000
13,165;1,000
13,175;4,000
13,185;2,000
13,195;2,000
13,205;1,000
13,215;3,000
13,225;1,000
13,235;1,000
13,245;1,000
13,255;0,000
13,265;1,000
13,275;1,000
13,285;2,000
13,295;1,000
13,305;1,000
13,315;1,000
13,325;0,000
13,335;1,000
13,345;3,000
13,355;2,000
13,365;2,000
13,375;2,000
13,385;1,000
13,395;2,000
13,405;0,000
13,415;1,000
13,425;3,000
13,435;1,000
13,445;3,000
13,455;4,000
13,465;0,000
13,475;0,000
13,485;0,000
13,495;5,000
13,505;2,000
13,515;3,000
13,525;6,000
13,535;1,000
13,545;2,000
13,555;1,000
13,565;3,000
13,575;1,000
13,585;2,000
13,595;2,000
13,605;1,000
13,615;3,000
13,625;1,000
13,635;1,000
13,645;3,000
13,655;1,000
13,665;2,000
13,675;2,000
13,685;2,000
13,695;0,000
13,705;0,000
13,715;2,000
13,725;4,000
13,735;1,000
13,745;1,000
13,755;3,000
13,765;1,000
13,775;0,000
13,785;3,000
13,795;3,000
13,805;1,000
13,815;1,000
13,825;1,000
13,835;0,000
13,845;2,000
13,855;3,000
13,865;2,000
13,875;2,000
13,885;2,000
13,895;2,000
13,905;0,000
13,915;2,000
13,925;2,000
13,935;1,000
13,945;3,000
13,955;4,000
13,965;1,000
13,975;2,000
13,985;1,000
13,995;2,000
14,005;1,000
14,015;5,000
14,025;2,000
14,035;0,000
14,045;3,000
14,055;1,000
14,065;1,000
14,075;2,000
14,085;1,000
14,095;5,000
14,105;3,000
14,115;3,000
14,125;3,000
14,135;2,000
14,145;2,000
14,155;1,000
14,165;3,000
14,175;2,000
14,185;3,000
14,195;3,000
14,205;1,000
14,215;3,000
14,225;4,000
14,235;2,000
14,245;0,000
14,255;2,000
14,265;1,000
14,275;2,000
14,285;3,000
14,295;1,000
14,305;1,000
14,315;1,000
14,325;3,000
14,335;0,000
14,345;4,000
14,355;0,000
14,365;5,000
14,375;0,000
14,385;2,000
14,395;1,000
14,405;1,000
14,415;4,000
14,425;2,000
14,435;0,000
14,445;3,000
14,455;2,000
14,465;2,000
14,475;2,000
14,485;2,000
14,495;2,000
14,505;3,000
14,515;2,000
14,525;2,000
14,535;1,000
14,545;1,000
14,555;3,000
14,565;3,000
14,575;0,000
14,585;1,000
14,595;0,000
14,605;0,000
14,615;3,000
14,625;3,000
14,635;4,000
14,645;2,000
14,655;0,000
14,665;2,000
14,675;0,000
14,685;1,000
14,695;2,000
14,705;1,000
14,715;1,000
14,725;1,000
14,735;0,000
14,745;3,000
14,755;1,000
14,765;1,000
14,775;0,000
14,785;2,000
14,795;1,000
14,805;0,000
14,815;4,000
14,825;1,000
14,835;0,000
14,845;2,000
14,855;0,000
14,865;0,000
14,875;1,000
14,885;0,000
14,895;1,000
14,905;0,000
14,915;1,000
14,925;2,000
14,935;2,000
14,945;2,000
14,955;0,000
14,965;1,000
14,975;2,000
14,985;1,000
14,995;2,000
15,005;1,000
15,015;1,000
15,025;1,000
15,035;3,000
15,045;3,000
15,055;1,000
15,065;2,000
15,075;1,000
15,085;0,000
15,095;2,000
15,105;1,000
15,115;0,000
15,125;1,000
15,135;2,000
15,145;0,000
15,155;3,000
15,165;1,000
15,175;1,000
15,185;1,000
15,195;4,000
15,205;2,000
15,215;2,000
15,225;1,000
15,235;0,000
15,245;3,000
15,255;0,000
15,265;3,000
15,275;2,000
15,285;3,000
15,295;1,000
15,305;1,000
15,315;3,000
15,325;0,000
15,335;3,000
15,345;6,000
15,355;2,000
15,365;2,000
15,375;2,000
15,385;1,000
15,395;5,000
15,405;4,000
15,415;4,000
15,425;3,000
15,435;2,000
15,445;1,000
15,455;4,000
15,465;3,000
15,475;7,000
15,485;4,000
15,495;5,000
15,505;1,000
15,515;4,000
15,525;5,000
15,535;6,000
15,545;4,000
15,555;5,000
15,565;4,000
15,575;4,000
15,585;4,000
15,595;6,000
15,605;4,000
15,615;3,000
15,625;4,000
15,635;5,000
15,645;4,000
15,655;8,000
15,665;3,000
15,675;4,000
15,685;5,000
15,695;5,000
15,705;5,000
15,715;4,000
15,725;2,000
15,735;0,000
15,745;3,000
15,755;4,000
15,765;3,000
15,775;2,000
15,785;2,000
15,795;4,000
15,805;2,000
15,815;1,000
15,825;1,000
15,835;2,000
15,845;2,000
15,855;4,000
15,865;2,000
15,875;2,000
15,885;4,000
15,895;2,000
15,905;2,000
15,915;4,000
15,925;2,000
15,935;1,000
15,945;2,000
15,955;1,000
15,965;1,000
15,975;1,000
15,985;2,000
15,995;2,000
16,005;2,000
16,015;0,000
16,025;0,000
16,035;1,000
16,045;0,000
16,055;3,000
16,065;0,000
16,075;2,000
16,085;2,000
16,095;1,000
16,105;2,000
16,115;1,000
16,125;2,000
16,135;4,000
16,145;1,000
16,155;1,000
16,165;1,000
16,175;2,000
16,185;2,000
16,195;2,000
16,205;1,000
16,215;2,000
16,225;0,000
16,235;0,000
16,245;2,000
16,255;1,000
16,265;2,000
16,275;0,000
16,285;1,000
16,295;4,000
16,305;1,000
16,315;1,000
16,325;2,000
16,335;0,000
16,345;2,000
16,355;3,000
16,365;0,000
16,375;1,000
16,385;1,000
16,395;2,000
16,405;0,000
16,415;2,000
16,425;1,000
16,435;0,000
16,445;1,000
16,455;1,000
16,465;2,000
16,475;1,000
16,485;2,000
16,495;3,000
16,505;1,000
16,515;1,000
16,525;3,000
16,535;2,000
16,545;2,000
16,555;3,000
16,565;0,000
16,575;3,000
16,585;1,000
16,595;2,000
16,605;2,000
16,615;1,000
16,625;4,000
16,635;1,000
16,645;3,000
16,655;1,000
16,665;3,000
16,675;3,000
16,685;2,000
16,695;7,000
16,705;3,000
16,715;4,000
16,725;4,000
16,735;4,000
16,745;2,000
16,755;4,000
16,765;2,000
16,775;0,000
16,785;5,000
16,795;5,000
16,805;3,000
16,815;2,000
16,825;0,000
16,835;0,000
16,845;1,000
16,855;3,000
16,865;0,000
16,875;2,000
16,885;3,000
16,895;2,000
16,905;2,000
16,915;2,000
16,925;1,000
16,935;3,000
16,945;2,000
16,955;0,000
16,965;1,000
16,975;3,000
16,985;1,000
16,995;0,000
17,005;0,000
17,015;0,000
17,025;0,000
17,035;1,000
17,045;1,000
17,055;2,000
17,065;1,000
17,075;0,000
17,085;0,000
17,095;0,000
17,105;1,000
17,115;0,000
17,125;0,000
17,135;1,000
17,145;0,000
17,155;0,000
17,165;0,000
17,175;1,000
17,185;1,000
17,195;0,000
17,205;0,000
17,215;1,000
17,225;0,000
17,235;0,000
17,245;0,000
17,255;0,000
17,265;0,000
17,275;0,000
17,285;0,000
17,295;0,000
17,305;0,000
17,315;0,000
17,325;0,000
17,335;0,000
17,345;0,000
17,355;0,000
17,365;0,000
17,375;0,000
17,385;0,000
17,395;0,000
17,405;0,000
17,415;0,000
17,425;0,000
17,435;0,000
17,445;0,000
17,455;1,000
17,465;0,000
17,475;0,000
17,485;0,000
17,495;0,000
17,505;0,000
17,515;0,000
17,525;0,000
17,535;1,000
17,545;0,000
17,555;0,000
17,565;0,000
17,575;0,000
17,585;0,000
17,595;0,000
17,605;0,000
17,615;0,000
17,625;0,000
17,635;0,000
17,645;0,000
17,655;0,000
17,665;0,000
17,675;0,000
17,685;0,000
17,695;0,000
17,705;0,000
17,715;0,000
17,725;0,000
17,735;1,000
17,745;0,000
17,755;0,000
17,765;0,000
17,775;0,000
17,785;0,000
17,795;0,000
17,805;0,000
17,815;0,000
17,825;0,000
17,835;0,000
17,845;0,000
17,855;0,000
17,865;0,000
17,875;0,000
17,885;1,000
17,895;0,000
17,905;1,000
17,915;0,000
17,925;0,000
17,935;1,000
17,945;0,000
17,955;0,000
17,965;1,000
17,975;0,000
17,985;0,000
17,995;0,000
18,005;0,000
18,015;0,000
18,025;0,000
18,035;0,000
18,045;0,000
18,055;0,000
18,065;0,000
18,075;0,000
18,085;1,000
18,095;1,000
18,105;1,000
18,115;0,000
18,125;0,000
18,135;1,000
18,145;0,000
18,155;0,000
18,165;0,000
18,175;0,000
18,185;0,000
18,195;0,000
18,205;0,000
18,215;0,000
18,225;0,000
18,235;0,000
18,245;0,000
18,255;0,000
18,265;0,000
18,275;0,000
18,285;0,000
18,295;1,000
18,305;0,000
18,315;0,000
18,325;0,000
18,335;0,000
18,345;0,000
18,355;0,000
18,365;0,000
18,375;1,000
18,385;0,000
18,395;0,000
18,405;0,000
18,415;1,000
18,425;0,000
18,435;0,000
18,445;0,000
18,455;0,000
18,465;2,000
18,475;0,000
18,485;0,000
18,495;0,000
18,505;0,000
18,515;0,000
18,525;0,000
18,535;0,000
18,545;0,000
18,555;0,000
18,565;0,000
18,575;0,000
18,585;0,000
18,595;0,000
18,605;0,000
18,615;0,000
18,625;0,000
18,635;0,000
18,645;0,000
18,655;0,000
18,665;0,000
18,675;0,000
18,685;1,000
18,695;0,000
18,705;0,000
18,715;0,000
18,725;0,000
18,735;0,000
18,745;0,000
18,755;0,000
18,765;0,000
18,775;0,000
18,785;0,000
18,795;0,000
18,805;0,000
18,815;0,000
18,825;0,000
18,835;1,000
18,845;0,000
18,855;0,000
18,865;0,000
18,875;0,000
18,885;0,000
18,895;0,000
18,905;0,000
18,915;0,000
18,925;0,000
18,935;0,000
18,945;0,000
18,955;0,000
18,965;0,000
18,975;0,000
18,985;0,000
18,995;0,000
19,005;1,000
19,015;0,000
19,025;0,000
19,035;0,000
19,045;0,000
19,055;0,000
19,065;0,000
19,075;0,000
19,085;0,000
19,095;1,000
19,105;1,000
19,115;0,000
19,125;0,000
19,135;0,000
19,145;1,000
19,155;0,000
19,165;0,000
19,175;0,000
19,185;0,000
19,195;0,000
19,205;1,000
19,215;0,000
19,225;0,000
19,235;1,000
19,245;0,000
19,255;0,000
19,265;0,000
19,275;1,000
19,285;0,000
19,295;1,000
19,305;0,000
19,315;0,000
19,325;0,000
19,335;0,000
19,345;0,000
19,355;0,000
19,365;0,000
19,375;0,000
19,385;0,000
19,395;0,000
19,405;0,000
19,415;0,000
19,425;0,000
19,435;1,000
19,445;0,000
19,455;0,000
19,465;0,000
19,475;0,000
19,485;0,000
19,495;0,000
19,505;0,000
19,515;0,000
19,525;0,000
19,535;0,000
19,545;0,000
19,555;0,000
19,565;0,000
19,575;0,000
19,585;0,000
19,595;0,000
19,605;0,000
19,615;0,000
19,625;1,000
19,635;0,000
19,645;0,000
19,655;0,000
19,665;0,000
19,675;0,000
19,685;0,000
19,695;0,000
19,705;0,000
19,715;0,000
19,725;0,000
19,735;0,000
19,745;0,000
19,755;0,000
19,765;0,000
19,775;0,000
19,785;0,000
19,795;0,000
19,805;0,000
19,815;0,000
19,825;0,000
19,835;0,000
19,845;0,000
19,855;1,000
19,865;0,000
19,875;0,000
19,885;0,000
19,895;1,000
19,905;0,000
19,915;0,000
19,925;179,000
19,935;0,000
19,945;0,000
19,955;0,000
19,965;0,000
19,975;0,000
19,985;0,000
19,995;41,000
