0,005;0,000
0,015;0,000
0,025;0,000
0,035;0,000
0,045;0,000
0,055;0,000
0,065;0,000
0,075;0,000
0,085;0,000
0,095;0,000
0,105;0,000
0,115;0,000
0,125;0,000
0,135;0,000
0,145;0,000
0,155;0,000
0,165;0,000
0,175;0,000
0,185;0,000
0,195;0,000
0,205;0,000
0,215;0,000
0,225;0,000
0,235;0,000
0,245;0,000
0,255;0,000
0,265;0,000
0,275;0,000
0,285;0,000
0,295;0,000
0,305;0,000
0,315;0,000
0,325;0,000
0,335;0,000
0,345;0,000
0,355;0,000
0,365;0,000
0,375;0,000
0,385;0,000
0,395;0,000
0,405;0,000
0,415;0,000
0,425;0,000
0,435;0,000
0,445;0,000
0,455;0,000
0,465;0,000
0,475;0,000
0,485;0,000
0,495;0,000
0,505;0,000
0,515;0,000
0,525;0,000
0,535;0,000
0,545;0,000
0,555;0,000
0,565;0,000
0,575;0,000
0,585;0,000
0,595;0,000
0,605;0,000
0,615;0,000
0,625;0,000
0,635;0,000
0,645;0,000
0,655;0,000
0,665;0,000
0,675;0,000
0,685;0,000
0,695;0,000
0,705;0,000
0,715;0,000
0,725;0,000
0,735;0,000
0,745;0,000
0,755;0,000
0,765;0,000
0,775;0,000
0,785;0,000
0,795;0,000
0,805;0,000
0,815;0,000
0,825;0,000
0,835;0,000
0,845;0,000
0,855;0,000
0,865;0,000
0,875;0,000
0,885;0,000
0,895;0,000
0,905;0,000
0,915;0,000
0,925;0,000
0,935;0,000
0,945;0,000
0,955;0,000
0,965;0,000
0,975;0,000
0,985;0,000
0,995;0,000
1,005;0,000
1,015;0,000
1,025;0,000
1,035;0,000
1,045;0,000
1,055;0,000
1,065;0,000
1,075;0,000
1,085;0,000
1,095;0,000
1,105;0,000
1,115;0,000
1,125;0,000
1,135;0,000
1,145;0,000
1,155;0,000
1,165;0,000
1,175;0,000
1,185;0,000
1,195;0,000
1,205;0,000
1,215;0,000
1,225;0,000
1,235;0,000
1,245;0,000
1,255;0,000
1,265;0,000
1,275;0,000
1,285;0,000
1,295;0,000
1,305;0,000
1,315;0,000
1,325;0,000
1,335;0,000
1,345;0,000
1,355;0,000
1,365;0,000
1,375;0,000
1,385;0,000
1,395;0,000
1,405;0,000
1,415;0,000
1,425;0,000
1,435;0,000
1,445;0,000
1,455;0,000
1,465;1,000
1,475;16,000
1,485;73,000
1,495;174,000
1,505;180,000
1,515;174,000
1,525;179,000
1,535;207,000
1,545;187,000
1,555;198,000
1,565;189,000
1,575;202,000
1,585;176,000
1,595;207,000
1,605;207,000
1,615;180,000
1,625;181,000
1,635;185,000
1,645;168,000
1,655;176,000
1,665;165,000
1,675;185,000
1,685;163,000
1,695;183,000
1,705;164,000
1,715;170,000
1,725;169,000
1,735;163,000
1,745;177,000
1,755;171,000
1,765;149,000
1,775;174,000
1,785;165,000
1,795;170,000
1,805;165,000
1,815;188,000
1,825;182,000
1,835;180,000
1,845;162,000
1,855;173,000
1,865;163,000
1,875;165,000
1,885;127,000
1,895;193,000
1,905;161,000
1,915;157,000
1,925;165,000
1,935;154,000
1,945;143,000
1,955;145,000
1,965;149,000
1,975;120,000
1,985;138,000
1,995;154,000
2,005;164,000
2,015;128,000
2,025;148,000
2,035;143,000
2,045;150,000
2,055;153,000
2,065;135,000
2,075;180,000
2,085;157,000
2,095;165,000
2,105;120,000
2,115;190,000
2,125;149,000
2,135;155,000
2,145;135,000
2,155;168,000
2,165;134,000
2,175;139,000
2,185;151,000
2,195;141,000
2,205;136,000
2,215;121,000
2,225;139,000
2,235;146,000
2,245;138,000
2,255;126,000
2,265;127,000
2,275;124,000
2,285;130,000
2,295;134,000
2,305;121,000
2,315;150,000
2,325;114,000
2,335;133,000
2,345;106,000
2,355;133,000
2,365;117,000
2,375;129,000
2,385;127,000
2,395;120,000
2,405;116,000
2,415;103,000
2,425;115,000
2,435;99,000
2,445;111,000
2,455;103,000
2,465;124,000
2,475;121,000
2,485;99,000
2,495;108,000
2,505;110,000
2,515;98,000
2,525;109,000
2,535;102,000
2,545;119,000
2,555;94,000
2,565;110,000
2,575;96,000
2,585;99,000
2,595;96,000
2,605;112,000
2,615;90,000
2,625;92,000
2,635;100,000
2,645;115,000
2,655;101,000
2,665;111,000
2,675;111,000
2,685;115,000
2,695;106,000
2,705;97,000
2,715;101,000
2,725;102,000
2,735;101,000
2,745;66,000
2,755;88,000
2,765;97,000
2,775;93,000
2,785;95,000
2,795;93,000
2,805;84,000
2,815;79,000
2,825;87,000
2,835;86,000
2,845;76,000
2,855;78,000
2,865;98,000
2,875;81,000
2,885;95,000
2,895;87,000
2,905;102,000
2,915;89,000
2,925;87,000
2,935;89,000
2,945;102,000
2,955;69,000
2,965;98,000
2,975;92,000
2,985;100,000
2,995;62,000
3,005;93,000
3,015;78,000
3,025;77,000
3,035;94,000
3,045;74,000
3,055;84,000
3,065;92,000
3,075;87,000
3,085;77,000
3,095;84,000
3,105;67,000
3,115;81,000
3,125;95,000
3,135;69,000
3,145;78,000
3,155;80,000
3,165;78,000
3,175;78,000
3,185;94,000
3,195;81,000
3,205;76,000
3,215;104,000
3,225;63,000
3,235;81,000
3,245;90,000
3,255;85,000
3,265;83,000
3,275;80,000
3,285;87,000
3,295;69,000
3,305;79,000
3,315;72,000
3,325;79,000
3,335;78,000
3,345;71,000
3,355;66,000
3,365;59,000
3,375;62,000
3,385;84,000
3,395;76,000
3,405;65,000
3,415;66,000
3,425;85,000
3,435;69,000
3,445;68,000
3,455;70,000
3,465;85,000
3,475;60,000
3,485;90,000
3,495;71,000
3,505;73,000
3,515;71,000
3,525;57,000
3,535;72,000
3,545;67,000
3,555;91,000
3,565;68,000
3,575;63,000
3,585;68,000
3,595;78,000
3,605;63,000
3,615;76,000
3,625;61,000
3,635;57,000
3,645;67,000
3,655;71,000
3,665;57,000
3,675;72,000
3,685;60,000
3,695;58,000
3,705;57,000
3,715;57,000
3,725;70,000
3,735;66,000
3,745;65,000
3,755;71,000
3,765;78,000
3,775;55,000
3,785;65,000
3,795;58,000
3,805;67,000
3,815;76,000
3,825;65,000
3,835;56,000
3,845;51,000
3,855;54,000
3,865;73,000
3,875;61,000
3,885;62,000
3,895;67,000
3,905;58,000
3,915;45,000
3,925;44,000
3,935;63,000
3,945;57,000
3,955;68,000
3,965;61,000
3,975;67,000
3,985;58,000
3,995;50,000
4,005;61,000
4,015;53,000
4,025;52,000
4,035;54,000
4,045;61,000
4,055;58,000
4,065;59,000
4,075;61,000
4,085;48,000
4,095;53,000
4,105;58,000
4,115;67,000
4,125;59,000
4,135;58,000
4,145;52,000
4,155;68,000
4,165;63,000
4,175;58,000
4,185;60,000
4,195;60,000
4,205;60,000
4,215;45,000
4,225;52,000
4,235;62,000
4,245;57,000
4,255;50,000
4,265;44,000
4,275;67,000
4,285;42,000
4,295;50,000
4,305;56,000
4,315;63,000
4,325;49,000
4,335;46,000
4,345;41,000
4,355;46,000
4,365;47,000
4,375;44,000
4,385;45,000
4,395;49,000
4,405;40,000
4,415;58,000
4,425;55,000
4,435;43,000
4,445;47,000
4,455;48,000
4,465;62,000
4,475;41,000
4,485;42,000
4,495;46,000
4,505;66,000
4,515;46,000
4,525;48,000
4,535;54,000
4,545;49,000
4,555;51,000
4,565;49,000
4,575;51,000
4,585;43,000
4,595;45,000
4,605;48,000
4,615;58,000
4,625;50,000
4,635;46,000
4,645;41,000
4,655;43,000
4,665;43,000
4,675;45,000
4,685;48,000
4,695;49,000
4,705;44,000
4,715;71,000
4,725;45,000
4,735;50,000
4,745;51,000
4,755;63,000
4,765;50,000
4,775;48,000
4,785;40,000
4,795;64,000
4,805;56,000
4,815;42,000
4,825;44,000
4,835;50,000
4,845;47,000
4,855;45,000
4,865;54,000
4,875;44,000
4,885;42,000
4,895;49,000
4,905;46,000
4,915;45,000
4,925;58,000
4,935;41,000
4,945;40,000
4,955;71,000
4,965;48,000
4,975;39,000
4,985;50,000
4,995;43,000
5,005;58,000
5,015;47,000
5,025;54,000
5,035;45,000
5,045;61,000
5,055;67,000
5,065;55,000
5,075;42,000
5,085;43,000
5,095;59,000
5,105;61,000
5,115;47,000
5,125;57,000
5,135;56,000
5,145;44,000
5,155;63,000
5,165;58,000
5,175;47,000
5,185;52,000
5,195;48,000
5,205;43,000
5,215;60,000
5,225;53,000
5,235;60,000
5,245;53,000
5,255;54,000
5,265;44,000
5,275;59,000
5,285;50,000
5,295;50,000
5,305;50,000
5,315;43,000
5,325;51,000
5,335;59,000
5,345;50,000
5,355;62,000
5,365;58,000
5,375;51,000
5,385;39,000
5,395;71,000
5,405;55,000
5,415;55,000
5,425;63,000
5,435;48,000
5,445;60,000
5,455;61,000
5,465;63,000
5,475;65,000
5,485;68,000
5,495;76,000
5,505;79,000
5,515;66,000
5,525;64,000
5,535;78,000
5,545;70,000
5,555;71,000
5,565;77,000
5,575;83,000
5,585;78,000
5,595;72,000
5,605;100,000
5,615;91,000
5,625;82,000
5,635;82,000
5,645;111,000
5,655;96,000
5,665;93,000
5,675;95,000
5,685;100,000
5,695;85,000
5,705;96,000
5,715;103,000
5,725;118,000
5,735;96,000
5,745;103,000
5,755;96,000
5,765;106,000
5,775;104,000
5,785;81,000
5,795;94,000
5,805;86,000
5,815;86,000
5,825;108,000
5,835;91,000
5,845;96,000
5,855;98,000
5,865;88,000
5,875;90,000
5,885;98,000
5,895;74,000
5,905;82,000
5,915;75,000
5,925;79,000
5,935;72,000
5,945;54,000
5,955;69,000
5,965;52,000
5,975;57,000
5,985;51,000
5,995;50,000
6,005;46,000
6,015;46,000
6,025;48,000
6,035;54,000
6,045;42,000
6,055;40,000
6,065;37,000
6,075;35,000
6,085;38,000
6,095;27,000
6,105;26,000
6,115;28,000
6,125;33,000
6,135;13,000
6,145;17,000
6,155;22,000
6,165;35,000
6,175;20,000
6,185;17,000
6,195;16,000
6,205;12,000
6,215;15,000
6,225;24,000
6,235;19,000
6,245;21,000
6,255;15,000
6,265;8,000
6,275;11,000
6,285;13,000
6,295;16,000
6,305;17,000
6,315;16,000
6,325;10,000
6,335;13,000
6,345;13,000
6,355;13,000
6,365;10,000
6,375;10,000
6,385;17,000
6,395;14,000
6,405;9,000
6,415;10,000
6,425;10,000
6,435;9,000
6,445;9,000
6,455;7,000
6,465;10,000
6,475;15,000
6,485;7,000
6,495;8,000
6,505;12,000
6,515;8,000
6,525;12,000
6,535;9,000
6,545;14,000
6,555;14,000
6,565;10,000
6,575;13,000
6,585;9,000
6,595;6,000
6,605;7,000
6,615;13,000
6,625;9,000
6,635;9,000
6,645;13,000
6,655;6,000
6,665;12,000
6,675;9,000
6,685;10,000
6,695;2,000
6,705;13,000
6,715;7,000
6,725;6,000
6,735;9,000
6,745;7,000
6,755;11,000
6,765;4,000
6,775;13,000
6,785;15,000
6,795;10,000
6,805;7,000
6,815;10,000
6,825;12,000
6,835;8,000
6,845;11,000
6,855;11,000
6,865;7,000
6,875;16,000
6,885;13,000
6,895;11,000
6,905;11,000
6,915;9,000
6,925;8,000
6,935;11,000
6,945;7,000
6,955;8,000
6,965;8,000
6,975;9,000
6,985;6,000
6,995;13,000
7,005;13,000
7,015;8,000
7,025;5,000
7,035;8,000
7,045;7,000
7,055;4,000
7,065;8,000
7,075;12,000
7,085;6,000
7,095;5,000
7,105;5,000
7,115;9,000
7,125;10,000
7,135;13,000
7,145;6,000
7,155;9,000
7,165;11,000
7,175;8,000
7,185;9,000
7,195;9,000
7,205;7,000
7,215;7,000
7,225;9,000
7,235;13,000
7,245;8,000
7,255;9,000
7,265;10,000
7,275;10,000
7,285;11,000
7,295;7,000
7,305;7,000
7,315;11,000
7,325;8,000
7,335;6,000
7,345;6,000
7,355;7,000
7,365;5,000
7,375;4,000
7,385;12,000
7,395;8,000
7,405;10,000
7,415;5,000
7,425;11,000
7,435;6,000
7,445;7,000
7,455;10,000
7,465;9,000
7,475;4,000
7,485;15,000
7,495;13,000
7,505;7,000
7,515;13,000
7,525;12,000
7,535;10,000
7,545;10,000
7,555;5,000
7,565;12,000
7,575;8,000
7,585;8,000
7,595;8,000
7,605;9,000
7,615;13,000
7,625;9,000
7,635;10,000
7,645;7,000
7,655;6,000
7,665;18,000
7,675;6,000
7,685;13,000
7,695;9,000
7,705;10,000
7,715;8,000
7,725;11,000
7,735;7,000
7,745;11,000
7,755;13,000
7,765;11,000
7,775;15,000
7,785;9,000
7,795;8,000
7,805;11,000
7,815;15,000
7,825;11,000
7,835;13,000
7,845;12,000
7,855;10,000
7,865;15,000
7,875;7,000
7,885;18,000
7,895;8,000
7,905;14,000
7,915;9,000
7,925;11,000
7,935;9,000
7,945;12,000
7,955;13,000
7,965;9,000
7,975;4,000
7,985;12,000
7,995;10,000
8,005;11,000
8,015;9,000
8,025;11,000
8,035;6,000
8,045;14,000
8,055;10,000
8,065;10,000
8,075;11,000
8,085;8,000
8,095;12,000
8,105;7,000
8,115;8,000
8,125;6,000
8,135;7,000
8,145;7,000
8,155;7,000
8,165;8,000
8,175;9,000
8,185;13,000
8,195;5,000
8,205;6,000
8,215;12,000
8,225;3,000
8,235;7,000
8,245;10,000
8,255;13,000
8,265;19,000
8,275;11,000
8,285;8,000
8,295;7,000
8,305;6,000
8,315;7,000
8,325;10,000
8,335;7,000
8,345;7,000
8,355;11,000
8,365;8,000
8,375;5,000
8,385;10,000
8,395;2,000
8,405;8,000
8,415;9,000
8,425;9,000
8,435;13,000
8,445;6,000
8,455;4,000
8,465;5,000
8,475;4,000
8,485;10,000
8,495;12,000
8,505;8,000
8,515;4,000
8,525;4,000
8,535;9,000
8,545;1,000
8,555;8,000
8,565;6,000
8,575;7,000
8,585;9,000
8,595;5,000
8,605;5,000
8,615;8,000
8,625;7,000
8,635;5,000
8,645;5,000
8,655;5,000
8,665;7,000
8,675;7,000
8,685;6,000
8,695;16,000
8,705;8,000
8,715;7,000
8,725;5,000
8,735;7,000
8,745;8,000
8,755;6,000
8,765;6,000
8,775;7,000
8,785;5,000
8,795;8,000
8,805;7,000
8,815;8,000
8,825;6,000
8,835;11,000
8,845;4,000
8,855;5,000
8,865;7,000
8,875;5,000
8,885;11,000
8,895;6,000
8,905;7,000
8,915;8,000
8,925;10,000
8,935;9,000
8,945;9,000
8,955;4,000
8,965;10,000
8,975;7,000
8,985;8,000
8,995;4,000
9,005;7,000
9,015;8,000
9,025;6,000
9,035;8,000
9,045;10,000
9,055;9,000
9,065;9,000
9,075;5,000
9,085;7,000
9,095;5,000
9,105;3,000
9,115;5,000
9,125;6,000
9,135;6,000
9,145;6,000
9,155;7,000
9,165;5,000
9,175;5,000
9,185;3,000
9,195;8,000
9,205;5,000
9,215;8,000
9,225;5,000
9,235;6,000
9,245;3,000
9,255;6,000
9,265;5,000
9,275;4,000
9,285;10,000
9,295;10,000
9,305;4,000
9,315;4,000
9,325;5,000
9,335;7,000
9,345;7,000
9,355;6,000
9,365;10,000
9,375;4,000
9,385;4,000
9,395;4,000
9,405;6,000
9,415;4,000
9,425;7,000
9,435;10,000
9,445;4,000
9,455;3,000
9,465;9,000
9,475;7,000
9,485;8,000
9,495;5,000
9,505;7,000
9,515;4,000
9,525;10,000
9,535;7,000
9,545;11,000
9,555;6,000
9,565;7,000
9,575;3,000
9,585;8,000
9,595;6,000
9,605;7,000
9,615;10,000
9,625;6,000
9,635;10,000
9,645;6,000
9,655;5,000
9,665;6,000
9,675;7,000
9,685;5,000
9,695;8,000
9,705;6,000
9,715;5,000
9,725;12,000
9,735;8,000
9,745;5,000
9,755;8,000
9,765;4,000
9,775;8,000
9,785;4,000
9,795;9,000
9,805;6,000
9,815;4,000
9,825;6,000
9,835;8,000
9,845;6,000
9,855;8,000
9,865;5,000
9,875;5,000
9,885;7,000
9,895;2,000
9,905;8,000
9,915;3,000
9,925;5,000
9,935;9,000
9,945;6,000
9,955;4,000
9,965;8,000
9,975;9,000
9,985;8,000
9,995;2,000
10,005;4,000
10,015;5,000
10,025;8,000
10,035;4,000
10,045;4,000
10,055;3,000
10,065;6,000
10,075;5,000
10,085;4,000
10,095;8,000
10,105;5,000
10,115;6,000
10,125;6,000
10,135;1,000
10,145;5,000
10,155;3,000
10,165;5,000
10,175;3,000
10,185;8,000
10,195;2,000
10,205;4,000
10,215;9,000
10,225;5,000
10,235;9,000
10,245;12,000
10,255;3,000
10,265;10,000
10,275;4,000
10,285;3,000
10,295;4,000
10,305;2,000
10,315;4,000
10,325;4,000
10,335;5,000
10,345;5,000
10,355;4,000
10,365;5,000
10,375;1,000
10,385;2,000
10,395;8,000
10,405;3,000
10,415;6,000
10,425;3,000
10,435;0,000
10,445;1,000
10,455;7,000
10,465;1,000
10,475;5,000
10,485;4,000
10,495;5,000
10,505;7,000
10,515;4,000
10,525;7,000
10,535;2,000
10,545;5,000
10,555;2,000
10,565;4,000
10,575;2,000
10,585;3,000
10,595;8,000
10,605;0,000
10,615;2,000
10,625;5,000
10,635;2,000
10,645;4,000
10,655;3,000
10,665;3,000
10,675;2,000
10,685;2,000
10,695;3,000
10,705;4,000
10,715;2,000
10,725;9,000
10,735;2,000
10,745;6,000
10,755;2,000
10,765;2,000
10,775;6,000
10,785;2,000
10,795;1,000
10,805;3,000
10,815;7,000
10,825;6,000
10,835;2,000
10,845;3,000
10,855;2,000
10,865;3,000
10,875;4,000
10,885;3,000
10,895;5,000
10,905;2,000
10,915;4,000
10,925;6,000
10,935;8,000
10,945;6,000
10,955;5,000
10,965;3,000
10,975;6,000
10,985;4,000
10,995;5,000
11,005;5,000
11,015;6,000
11,025;3,000
11,035;3,000
11,045;6,000
11,055;5,000
11,065;9,000
11,075;6,000
11,085;7,000
11,095;7,000
11,105;8,000
11,115;2,000
11,125;6,000
11,135;3,000
11,145;3,000
11,155;4,000
11,165;5,000
11,175;1,000
11,185;4,000
11,195;3,000
11,205;4,000
11,215;6,000
11,225;4,000
11,235;5,000
11,245;4,000
11,255;2,000
11,265;9,000
11,275;1,000
11,285;7,000
11,295;5,000
11,305;5,000
11,315;5,000
11,325;3,000
11,335;4,000
11,345;5,000
11,355;5,000
11,365;2,000
11,375;6,000
11,385;2,000
11,395;8,000
11,405;4,000
11,415;1,000
11,425;11,000
11,435;9,000
11,445;6,000
11,455;9,000
11,465;5,000
11,475;8,000
11,485;7,000
11,495;9,000
11,505;6,000
11,515;8,000
11,525;8,000
11,535;11,000
11,545;6,000
11,555;7,000
11,565;11,000
11,575;6,000
11,585;4,000
11,595;13,000
11,605;11,000
11,615;9,000
11,625;11,000
11,635;12,000
11,645;18,000
11,655;15,000
11,665;10,000
11,675;17,000
11,685;9,000
11,695;12,000
11,705;10,000
11,715;8,000
11,725;13,000
11,735;13,000
11,745;12,000
11,755;7,000
11,765;9,000
11,775;9,000
11,785;8,000
11,795;18,000
11,805;18,000
11,815;14,000
11,825;11,000
11,835;12,000
11,845;7,000
11,855;18,000
11,865;11,000
11,875;19,000
11,885;14,000
11,895;12,000
11,905;16,000
11,915;11,000
11,925;11,000
11,935;15,000
11,945;7,000
11,955;16,000
11,965;9,000
11,975;16,000
11,985;10,000
11,995;12,000
12,005;9,000
12,015;10,000
12,025;10,000
12,035;13,000
12,045;12,000
12,055;13,000
12,065;4,000
12,075;13,000
12,085;9,000
12,095;6,000
12,105;12,000
12,115;8,000
12,125;9,000
12,135;6,000
12,145;9,000
12,155;6,000
12,165;8,000
12,175;4,000
12,185;9,000
12,195;7,000
12,205;7,000
12,215;7,000
12,225;5,000
12,235;5,000
12,245;8,000
12,255;3,000
12,265;10,000
12,275;7,000
12,285;3,000
12,295;4,000
12,305;4,000
12,315;7,000
12,325;8,000
12,335;4,000
12,345;9,000
12,355;7,000
12,365;5,000
12,375;6,000
12,385;3,000
12,395;6,000
12,405;3,000
12,415;4,000
12,425;1,000
12,435;2,000
12,445;7,000
12,455;1,000
12,465;2,000
12,475;2,000
12,485;4,000
12,495;3,000
12,505;6,000
12,515;3,000
12,525;5,000
12,535;3,000
12,545;5,000
12,555;1,000
12,565;5,000
12,575;1,000
12,585;3,000
12,595;2,000
12,605;3,000
12,615;2,000
12,625;3,000
12,635;2,000
12,645;2,000
12,655;1,000
12,665;4,000
12,675;2,000
12,685;1,000
12,695;1,000
12,705;0,000
12,715;0,000
12,725;1,000
12,735;0,000
12,745;1,000
12,755;0,000
12,765;1,000
12,775;1,000
12,785;2,000
12,795;3,000
12,805;1,000
12,815;3,000
12,825;1,000
12,835;3,000
12,845;2,000
12,855;2,000
12,865;1,000
12,875;1,000
12,885;2,000
12,895;1,000
12,905;0,000
12,915;3,000
12,925;1,000
12,935;0,000
12,945;1,000
12,955;1,000
12,965;1,000
12,975;2,000
12,985;1,000
12,995;3,000
13,005;1,000
13,015;4,000
13,025;1,000
13,035;0,000
13,045;1,000
13,055;3,000
13,065;1,000
13,075;2,000
13,085;3,000
13,095;2,000
13,105;3,000
13,115;3,000
13,125;1,000
13,135;2,000
13,145;2,000
13,155;0,000
13,165;1,000
13,175;3,000
13,185;0,000
13,195;1,000
13,205;4,000
13,215;1,000
13,225;0,000
13,235;2,000
13,245;0,000
13,255;2,000
13,265;3,000
13,275;1,000
13,285;0,000
13,295;3,000
13,305;0,000
13,315;3,000
13,325;3,000
13,335;0,000
13,345;0,000
13,355;2,000
13,365;1,000
13,375;1,000
13,385;2,000
13,395;1,000
13,405;1,000
13,415;0,000
13,425;0,000
13,435;1,000
13,445;1,000
13,455;1,000
13,465;1,000
13,475;6,000
13,485;1,000
13,495;1,000
13,505;2,000
13,515;1,000
13,525;2,000
13,535;1,000
13,545;1,000
13,555;1,000
13,565;2,000
13,575;3,000
13,585;1,000
13,595;1,000
13,605;0,000
13,615;1,000
13,625;1,000
13,635;0,000
13,645;0,000
13,655;3,000
13,665;3,000
13,675;1,000
13,685;3,000
13,695;1,000
13,705;1,000
13,715;0,000
13,725;2,000
13,735;3,000
13,745;1,000
13,755;0,000
13,765;3,000
13,775;3,000
13,785;3,000
13,795;1,000
13,805;0,000
13,815;2,000
13,825;1,000
13,835;2,000
13,845;3,000
13,855;3,000
13,865;0,000
13,875;1,000
13,885;3,000
13,895;4,000
13,905;0,000
13,915;2,000
13,925;1,000
13,935;4,000
13,945;1,000
13,955;1,000
13,965;2,000
13,975;1,000
13,985;0,000
13,995;2,000
14,005;2,000
14,015;1,000
14,025;1,000
14,035;2,000
14,045;4,000
14,055;3,000
14,065;2,000
14,075;1,000
14,085;3,000
14,095;0,000
14,105;2,000
14,115;1,000
14,125;1,000
14,135;3,000
14,145;0,000
14,155;1,000
14,165;3,000
14,175;1,000
14,185;0,000
14,195;1,000
14,205;1,000
14,215;1,000
14,225;1,000
14,235;2,000
14,245;0,000
14,255;3,000
14,265;1,000
14,275;5,000
14,285;1,000
14,295;0,000
14,305;0,000
14,315;3,000
14,325;2,000
14,335;1,000
14,345;2,000
14,355;3,000
14,365;0,000
14,375;3,000
14,385;2,000
14,395;3,000
14,405;0,000
14,415;0,000
14,425;0,000
14,435;3,000
14,445;1,000
14,455;0,000
14,465;0,000
14,475;0,000
14,485;2,000
14,495;2,000
14,505;1,000
14,515;0,000
14,525;3,000
14,535;0,000
14,545;2,000
14,555;1,000
14,565;2,000
14,575;2,000
14,585;2,000
14,595;1,000
14,605;2,000
14,615;0,000
14,625;2,000
14,635;0,000
14,645;0,000
14,655;1,000
14,665;1,000
14,675;2,000
14,685;3,000
14,695;0,000
14,705;0,000
14,715;1,000
14,725;0,000
14,735;0,000
14,745;3,000
14,755;0,000
14,765;0,000
14,775;0,000
14,785;0,000
14,795;0,000
14,805;1,000
14,815;1,000
14,825;0,000
14,835;1,000
14,845;2,000
14,855;2,000
14,865;0,000
14,875;2,000
14,885;0,000
14,895;0,000
14,905;0,000
14,915;3,000
14,925;3,000
14,935;1,000
14,945;2,000
14,955;4,000
14,965;2,000
14,975;1,000
14,985;1,000
14,995;0,000
15,005;0,000
15,015;1,000
15,025;1,000
15,035;0,000
15,045;2,000
15,055;1,000
15,065;1,000
15,075;0,000
15,085;4,000
15,095;1,000
15,105;0,000
15,115;0,000
15,125;1,000
15,135;1,000
15,145;3,000
15,155;0,000
15,165;1,000
15,175;1,000
15,185;1,000
15,195;1,000
15,205;0,000
15,215;1,000
15,225;3,000
15,235;1,000
15,245;1,000
15,255;2,000
15,265;0,000
15,275;1,000
15,285;1,000
15,295;0,000
15,305;3,000
15,315;3,000
15,325;1,000
15,335;4,000
15,345;1,000
15,355;3,000
15,365;2,000
15,375;1,000
15,385;2,000
15,395;6,000
15,405;3,000
15,415;3,000
15,425;4,000
15,435;6,000
15,445;6,000
15,455;4,000
15,465;0,000
15,475;2,000
15,485;5,000
15,495;4,000
15,505;7,000
15,515;6,000
15,525;2,000
15,535;2,000
15,545;4,000
15,555;2,000
15,565;1,000
15,575;1,000
15,585;4,000
15,595;4,000
15,605;1,000
15,615;5,000
15,625;5,000
15,635;4,000
15,645;6,000
15,655;5,000
15,665;2,000
15,675;2,000
15,685;5,000
15,695;4,000
15,705;2,000
15,715;1,000
15,725;6,000
15,735;2,000
15,745;3,000
15,755;2,000
15,765;2,000
15,775;1,000
15,785;2,000
15,795;4,000
15,805;0,000
15,815;3,000
15,825;6,000
15,835;2,000
15,845;0,000
15,855;3,000
15,865;3,000
15,875;0,000
15,885;1,000
15,895;1,000
15,905;0,000
15,915;1,000
15,925;5,000
15,935;4,000
15,945;1,000
15,955;0,000
15,965;1,000
15,975;3,000
15,985;2,000
15,995;0,000
16,005;1,000
16,015;1,000
16,025;0,000
16,035;1,000
16,045;4,000
16,055;0,000
16,065;1,000
16,075;1,000
16,085;2,000
16,095;3,000
16,105;3,000
16,115;1,000
16,125;1,000
16,135;3,000
16,145;0,000
16,155;0,000
16,165;0,000
16,175;0,000
16,185;0,000
16,195;3,000
16,205;0,000
16,215;2,000
16,225;2,000
16,235;0,000
16,245;2,000
16,255;0,000
16,265;1,000
16,275;0,000
16,285;2,000
16,295;1,000
16,305;1,000
16,315;1,000
16,325;0,000
16,335;1,000
16,345;2,000
16,355;2,000
16,365;0,000
16,375;3,000
16,385;0,000
16,395;0,000
16,405;0,000
16,415;0,000
16,425;1,000
16,435;0,000
16,445;2,000
16,455;2,000
16,465;2,000
16,475;2,000
16,485;4,000
16,495;1,000
16,505;4,000
16,515;2,000
16,525;0,000
16,535;1,000
16,545;2,000
16,555;2,000
16,565;2,000
16,575;4,000
16,585;4,000
16,595;2,000
16,605;1,000
16,615;4,000
16,625;2,000
16,635;4,000
16,645;6,000
16,655;6,000
16,665;3,000
16,675;4,000
16,685;6,000
16,695;0,000
16,705;3,000
16,715;3,000
16,725;6,000
16,735;1,000
16,745;0,000
16,755;6,000
16,765;0,000
16,775;2,000
16,785;4,000
16,795;7,000
16,805;2,000
16,815;4,000
16,825;2,000
16,835;2,000
16,845;3,000
16,855;3,000
16,865;2,000
16,875;4,000
16,885;2,000
16,895;1,000
16,905;2,000
16,915;3,000
16,925;2,000
16,935;0,000
16,945;1,000
16,955;0,000
16,965;1,000
16,975;0,000
16,985;2,000
16,995;2,000
17,005;1,000
17,015;0,000
17,025;0,000
17,035;0,000
17,045;0,000
17,055;1,000
17,065;1,000
17,075;0,000
17,085;1,000
17,095;0,000
17,105;0,000
17,115;0,000
17,125;0,000
17,135;0,000
17,145;0,000
17,155;0,000
17,165;0,000
17,175;0,000
17,185;0,000
17,195;0,000
17,205;0,000
17,215;0,000
17,225;1,000
17,235;0,000
17,245;1,000
17,255;0,000
17,265;0,000
17,275;0,000
17,285;0,000
17,295;0,000
17,305;0,000
17,315;0,000
17,325;0,000
17,335;0,000
17,345;0,000
17,355;0,000
17,365;0,000
17,375;0,000
17,385;0,000
17,395;0,000
17,405;0,000
17,415;0,000
17,425;0,000
17,435;0,000
17,445;0,000
17,455;0,000
17,465;0,000
17,475;0,000
17,485;0,000
17,495;0,000
17,505;0,000
17,515;0,000
17,525;0,000
17,535;0,000
17,545;0,000
17,555;0,000
17,565;0,000
17,575;0,000
17,585;0,000
17,595;0,000
17,605;0,000
17,615;0,000
17,625;1,000
17,635;0,000
17,645;0,000
17,655;0,000
17,665;0,000
17,675;0,000
17,685;0,000
17,695;0,000
17,705;0,000
17,715;0,000
17,725;0,000
17,735;0,000
17,745;0,000
17,755;0,000
17,765;0,000
17,775;0,000
17,785;0,000
17,795;0,000
17,805;0,000
17,815;0,000
17,825;0,000
17,835;0,000
17,845;0,000
17,855;0,000
17,865;0,000
17,875;0,000
17,885;0,000
17,895;0,000
17,905;1,000
17,915;0,000
17,925;0,000
17,935;0,000
17,945;0,000
17,955;0,000
17,965;0,000
17,975;0,000
17,985;0,000
17,995;0,000
18,005;0,000
18,015;0,000
18,025;0,000
18,035;2,000
18,045;1,000
18,055;0,000
18,065;0,000
18,075;0,000
18,085;0,000
18,095;0,000
18,105;0,000
18,115;0,000
18,125;0,000
18,135;0,000
18,145;0,000
18,155;0,000
18,165;1,000
18,175;0,000
18,185;0,000
18,195;0,000
18,205;0,000
18,215;0,000
18,225;0,000
18,235;1,000
18,245;0,000
18,255;0,000
18,265;0,000
18,275;0,000
18,285;0,000
18,295;0,000
18,305;0,000
18,315;0,000
18,325;0,000
18,335;0,000
18,345;0,000
18,355;0,000
18,365;0,000
18,375;0,000
18,385;0,000
18,395;1,000
18,405;0,000
18,415;0,000
18,425;0,000
18,435;0,000
18,445;0,000
18,455;0,000
18,465;0,000
18,475;0,000
18,485;0,000
18,495;1,000
18,505;0,000
18,515;0,000
18,525;0,000
18,535;0,000
18,545;0,000
18,555;0,000
18,565;1,000
18,575;1,000
18,585;1,000
18,595;0,000
18,605;0,000
18,615;0,000
18,625;0,000
18,635;0,000
18,645;0,000
18,655;1,000
18,665;0,000
18,675;0,000
18,685;0,000
18,695;0,000
18,705;0,000
18,715;1,000
18,725;0,000
18,735;1,000
18,745;0,000
18,755;0,000
18,765;0,000
18,775;0,000
18,785;0,000
18,795;0,000
18,805;0,000
18,815;0,000
18,825;0,000
18,835;0,000
18,845;0,000
18,855;0,000
18,865;0,000
18,875;0,000
18,885;0,000
18,895;0,000
18,905;0,000
18,915;0,000
18,925;0,000
18,935;0,000
18,945;0,000
18,955;0,000
18,965;0,000
18,975;0,000
18,985;0,000
18,995;0,000
19,005;0,000
19,015;0,000
19,025;0,000
19,035;0,000
19,045;0,000
19,055;0,000
19,065;0,000
19,075;0,000
19,085;0,000
19,095;0,000
19,105;0,000
19,115;0,000
19,125;0,000
19,135;0,000
19,145;0,000
19,155;0,000
19,165;0,000
19,175;0,000
19,185;0,000
19,195;0,000
19,205;0,000
19,215;0,000
19,225;0,000
19,235;0,000
19,245;0,000
19,255;0,000
19,265;0,000
19,275;0,000
19,285;0,000
19,295;1,000
19,305;0,000
19,315;0,000
19,325;0,000
19,335;0,000
19,345;0,000
19,355;0,000
19,365;0,000
19,375;0,000
19,385;0,000
19,395;1,000
19,405;0,000
19,415;0,000
19,425;0,000
19,435;0,000
19,445;1,000
19,455;0,000
19,465;0,000
19,475;0,000
19,485;0,000
19,495;1,000
19,505;0,000
19,515;0,000
19,525;0,000
19,535;0,000
19,545;0,000
19,555;0,000
19,565;0,000
19,575;0,000
19,585;0,000
19,595;0,000
19,605;0,000
19,615;0,000
19,625;0,000
19,635;0,000
19,645;0,000
19,655;0,000
19,665;0,000
19,675;0,000
19,685;0,000
19,695;1,000
19,705;0,000
19,715;0,000
19,725;0,000
19,735;0,000
19,745;0,000
19,755;0,000
19,765;0,000
19,775;0,000
19,785;0,000
19,795;0,000
19,805;0,000
19,815;0,000
19,825;0,000
19,835;0,000
19,845;0,000
19,855;0,000
19,865;0,000
19,875;0,000
19,885;0,000
19,895;0,000
19,905;0,000
19,915;0,000
19,925;168,000
19,935;0,000
19,945;0,000
19,955;0,000
19,965;0,000
19,975;0,000
19,985;0,000
19,995;49,000
