0,005;0,000
0,015;0,000
0,025;0,000
0,035;0,000
0,045;0,000
0,055;0,000
0,065;0,000
0,075;0,000
0,085;0,000
0,095;0,000
0,105;0,000
0,115;0,000
0,125;0,000
0,135;0,000
0,145;0,000
0,155;0,000
0,165;0,000
0,175;0,000
0,185;0,000
0,195;0,000
0,205;0,000
0,215;0,000
0,225;0,000
0,235;0,000
0,245;0,000
0,255;0,000
0,265;0,000
0,275;0,000
0,285;0,000
0,295;0,000
0,305;0,000
0,315;0,000
0,325;0,000
0,335;0,000
0,345;0,000
0,355;0,000
0,365;0,000
0,375;0,000
0,385;0,000
0,395;0,000
0,405;0,000
0,415;0,000
0,425;0,000
0,435;0,000
0,445;0,000
0,455;0,000
0,465;0,000
0,475;0,000
0,485;0,000
0,495;0,000
0,505;0,000
0,515;0,000
0,525;0,000
0,535;0,000
0,545;0,000
0,555;0,000
0,565;0,000
0,575;0,000
0,585;0,000
0,595;0,000
0,605;0,000
0,615;0,000
0,625;0,000
0,635;0,000
0,645;0,000
0,655;0,000
0,665;0,000
0,675;0,000
0,685;0,000
0,695;0,000
0,705;0,000
0,715;0,000
0,725;0,000
0,735;0,000
0,745;0,000
0,755;0,000
0,765;0,000
0,775;0,000
0,785;0,000
0,795;0,000
0,805;0,000
0,815;0,000
0,825;0,000
0,835;0,000
0,845;0,000
0,855;0,000
0,865;0,000
0,875;0,000
0,885;0,000
0,895;0,000
0,905;0,000
0,915;0,000
0,925;0,000
0,935;0,000
0,945;0,000
0,955;0,000
0,965;0,000
0,975;0,000
0,985;0,000
0,995;0,000
1,005;0,000
1,015;0,000
1,025;0,000
1,035;0,000
1,045;0,000
1,055;0,000
1,065;0,000
1,075;0,000
1,085;0,000
1,095;0,000
1,105;0,000
1,115;0,000
1,125;0,000
1,135;0,000
1,145;0,000
1,155;0,000
1,165;0,000
1,175;0,000
1,185;0,000
1,195;0,000
1,205;0,000
1,215;0,000
1,225;0,000
1,235;0,000
1,245;0,000
1,255;0,000
1,265;0,000
1,275;0,000
1,285;0,000
1,295;0,000
1,305;0,000
1,315;0,000
1,325;0,000
1,335;0,000
1,345;0,000
1,355;0,000
1,365;0,000
1,375;0,000
1,385;0,000
1,395;0,000
1,405;0,000
1,415;0,000
1,425;0,000
1,435;0,000
1,445;0,000
1,455;0,000
1,465;2,000
1,475;23,000
1,485;84,000
1,495;172,000
1,505;192,000
1,515;200,000
1,525;217,000
1,535;236,000
1,545;229,000
1,555;214,000
1,565;246,000
1,575;238,000
1,585;209,000
1,595;265,000
1,605;208,000
1,615;209,000
1,625;228,000
1,635;208,000
1,645;214,000
1,655;209,000
1,665;211,000
1,675;208,000
1,685;223,000
1,695;226,000
1,705;205,000
1,715;193,000
1,725;220,000
1,735;206,000
1,745;233,000
1,755;219,000
1,765;208,000
1,775;194,000
1,785;224,000
1,795;220,000
1,805;186,000
1,815;202,000
1,825;193,000
1,835;221,000
1,845;216,000
1,855;205,000
1,865;181,000
1,875;205,000
1,885;190,000
1,895;189,000
1,905;200,000
1,915;182,000
1,925;192,000
1,935;221,000
1,945;179,000
1,955;197,000
1,965;205,000
1,975;187,000
1,985;206,000
1,995;204,000
2,005;188,000
2,015;198,000
2,025;166,000
2,035;186,000
2,045;194,000
2,055;187,000
2,065;193,000
2,075;171,000
2,085;168,000
2,095;183,000
2,105;187,000
2,115;166,000
2,125;187,000
2,135;172,000
2,145;180,000
2,155;162,000
2,165;182,000
2,175;183,000
2,185;157,000
2,195;195,000
2,205;174,000
2,215;190,000
2,225;170,000
2,235;171,000
2,245;155,000
2,255;183,000
2,265;176,000
2,275;175,000
2,285;164,000
2,295;180,000
2,305;160,000
2,315;170,000
2,325;171,000
2,335;165,000
2,345;182,000
2,355;167,000
2,365;151,000
2,375;153,000
2,385;179,000
2,395;173,000
2,405;153,000
2,415;152,000
2,425;167,000
2,435;151,000
2,445;152,000
2,455;162,000
2,465;154,000
2,475;159,000
2,485;161,000
2,495;160,000
2,505;163,000
2,515;148,000
2,525;130,000
2,535;151,000
2,545;161,000
2,555;155,000
2,565;176,000
2,575;124,000
2,585;161,000
2,595;159,000
2,605;126,000
2,615;120,000
2,625;139,000
2,635;135,000
2,645;137,000
2,655;132,000
2,665;153,000
2,675;123,000
2,685;134,000
2,695;146,000
2,705;127,000
2,715;133,000
2,725;143,000
2,735;127,000
2,745;141,000
2,755;138,000
2,765;146,000
2,775;142,000
2,785;116,000
2,795;147,000
2,805;121,000
2,815;116,000
2,825;147,000
2,835;112,000
2,845;127,000
2,855;116,000
2,865;120,000
2,875;121,000
2,885;122,000
2,895;130,000
2,905;122,000
2,915;114,000
2,925;116,000
2,935;141,000
2,945;150,000
2,955;114,000
2,965;87,000
2,975;124,000
2,985;139,000
2,995;125,000
3,005;134,000
3,015;123,000
3,025;139,000
3,035;111,000
3,045;113,000
3,055;115,000
3,065;128,000
3,075;119,000
3,085;103,000
3,095;120,000
3,105;117,000
3,115;124,000
3,125;115,000
3,135;114,000
3,145;91,000
3,155;117,000
3,165;114,000
3,175;98,000
3,185;131,000
3,195;112,000
3,205;110,000
3,215;115,000
3,225;132,000
3,235;113,000
3,245;117,000
3,255;111,000
3,265;77,000
3,275;95,000
3,285;107,000
3,295;121,000
3,305;128,000
3,315;97,000
3,325;114,000
3,335;106,000
3,345;96,000
3,355;94,000
3,365;122,000
3,375;100,000
3,385;106,000
3,395;99,000
3,405;114,000
3,415;127,000
3,425;88,000
3,435;115,000
3,445;107,000
3,455;106,000
3,465;93,000
3,475;97,000
3,485;102,000
3,495;124,000
3,505;91,000
3,515;92,000
3,525;107,000
3,535;87,000
3,545;85,000
3,555;103,000
3,565;88,000
3,575;114,000
3,585;123,000
3,595;100,000
3,605;95,000
3,615;94,000
3,625;98,000
3,635;103,000
3,645;99,000
3,655;104,000
3,665;96,000
3,675;96,000
3,685;97,000
3,695;103,000
3,705;105,000
3,715;85,000
3,725;103,000
3,735;90,000
3,745;97,000
3,755;82,000
3,765;108,000
3,775;82,000
3,785;108,000
3,795;114,000
3,805;84,000
3,815;102,000
3,825;84,000
3,835;102,000
3,845;93,000
3,855;89,000
3,865;119,000
3,875;77,000
3,885;96,000
3,895;72,000
3,905;102,000
3,915;87,000
3,925;93,000
3,935;96,000
3,945;97,000
3,955;93,000
3,965;93,000
3,975;104,000
3,985;86,000
3,995;90,000
4,005;103,000
4,015;83,000
4,025;78,000
4,035;89,000
4,045;100,000
4,055;81,000
4,065;89,000
4,075;110,000
4,085;89,000
4,095;82,000
4,105;76,000
4,115;101,000
4,125;99,000
4,135;91,000
4,145;88,000
4,155;98,000
4,165;86,000
4,175;87,000
4,185;104,000
4,195;84,000
4,205;76,000
4,215;76,000
4,225;98,000
4,235;90,000
4,245;98,000
4,255;89,000
4,265;79,000
4,275;80,000
4,285;107,000
4,295;95,000
4,305;88,000
4,315;87,000
4,325;88,000
4,335;89,000
4,345;103,000
4,355;100,000
4,365;106,000
4,375;92,000
4,385;85,000
4,395;89,000
4,405;84,000
4,415;89,000
4,425;89,000
4,435;81,000
4,445;102,000
4,455;89,000
4,465;71,000
4,475;98,000
4,485;72,000
4,495;81,000
4,505;96,000
4,515;96,000
4,525;89,000
4,535;98,000
4,545;90,000
4,555;84,000
4,565;91,000
4,575;97,000
4,585;78,000
4,595;63,000
4,605;85,000
4,615;77,000
4,625;83,000
4,635;84,000
4,645;84,000
4,655;91,000
4,665;88,000
4,675;84,000
4,685;86,000
4,695;92,000
4,705;92,000
4,715;74,000
4,725;81,000
4,735;73,000
4,745;85,000
4,755;100,000
4,765;66,000
4,775;96,000
4,785;60,000
4,795;77,000
4,805;64,000
4,815;85,000
4,825;71,000
4,835;88,000
4,845;78,000
4,855;77,000
4,865;76,000
4,875;78,000
4,885;79,000
4,895;63,000
4,905;84,000
4,915;79,000
4,925;87,000
4,935;87,000
4,945;79,000
4,955;104,000
4,965;94,000
4,975;79,000
4,985;93,000
4,995;87,000
5,005;80,000
5,015;69,000
5,025;88,000
5,035;92,000
5,045;105,000
5,055;73,000
5,065;75,000
5,075;92,000
5,085;80,000
5,095;66,000
5,105;61,000
5,115;84,000
5,125;89,000
5,135;70,000
5,145;81,000
5,155;78,000
5,165;74,000
5,175;75,000
5,185;77,000
5,195;69,000
5,205;69,000
5,215;93,000
5,225;75,000
5,235;71,000
5,245;79,000
5,255;81,000
5,265;79,000
5,275;73,000
5,285;76,000
5,295;82,000
5,305;76,000
5,315;70,000
5,325;67,000
5,335;81,000
5,345;81,000
5,355;88,000
5,365;66,000
5,375;80,000
5,385;74,000
5,395;66,000
5,405;83,000
5,415;89,000
5,425;58,000
5,435;88,000
5,445;72,000
5,455;71,000
5,465;68,000
5,475;76,000
5,485;70,000
5,495;74,000
5,505;63,000
5,515;79,000
5,525;80,000
5,535;77,000
5,545;75,000
5,555;78,000
5,565;73,000
5,575;58,000
5,585;73,000
5,595;105,000
5,605;74,000
5,615;72,000
5,625;74,000
5,635;74,000
5,645;66,000
5,655;60,000
5,665;84,000
5,675;75,000
5,685;80,000
5,695;63,000
5,705;79,000
5,715;79,000
5,725;93,000
5,735;71,000
5,745;79,000
5,755;74,000
5,765;66,000
5,775;71,000
5,785;82,000
5,795;71,000
5,805;79,000
5,815;74,000
5,825;67,000
5,835;69,000
5,845;73,000
5,855;75,000
5,865;74,000
5,875;52,000
5,885;69,000
5,895;57,000
5,905;66,000
5,915;71,000
5,925;55,000
5,935;62,000
5,945;90,000
5,955;80,000
5,965;72,000
5,975;84,000
5,985;86,000
5,995;63,000
6,005;60,000
6,015;54,000
6,025;71,000
6,035;97,000
6,045;65,000
6,055;80,000
6,065;59,000
6,075;57,000
6,085;72,000
6,095;68,000
6,105;69,000
6,115;68,000
6,125;74,000
6,135;81,000
6,145;62,000
6,155;71,000
6,165;58,000
6,175;89,000
6,185;73,000
6,195;89,000
6,205;63,000
6,215;64,000
6,225;75,000
6,235;62,000
6,245;71,000
6,255;79,000
6,265;66,000
6,275;76,000
6,285;66,000
6,295;76,000
6,305;60,000
6,315;77,000
6,325;79,000
6,335;66,000
6,345;83,000
6,355;58,000
6,365;79,000
6,375;68,000
6,385;77,000
6,395;51,000
6,405;75,000
6,415;57,000
6,425;73,000
6,435;64,000
6,445;72,000
6,455;62,000
6,465;72,000
6,475;61,000
6,485;76,000
6,495;61,000
6,505;70,000
6,515;51,000
6,525;59,000
6,535;70,000
6,545;79,000
6,555;59,000
6,565;66,000
6,575;57,000
6,585;74,000
6,595;59,000
6,605;62,000
6,615;83,000
6,625;77,000
6,635;64,000
6,645;58,000
6,655;63,000
6,665;72,000
6,675;70,000
6,685;59,000
6,695;62,000
6,705;54,000
6,715;71,000
6,725;63,000
6,735;59,000
6,745;70,000
6,755;63,000
6,765;63,000
6,775;72,000
6,785;57,000
6,795;69,000
6,805;64,000
6,815;63,000
6,825;71,000
6,835;81,000
6,845;77,000
6,855;70,000
6,865;76,000
6,875;75,000
6,885;76,000
6,895;75,000
6,905;64,000
6,915;62,000
6,925;68,000
6,935;67,000
6,945;69,000
6,955;51,000
6,965;67,000
6,975;52,000
6,985;87,000
6,995;62,000
7,005;77,000
7,015;55,000
7,025;65,000
7,035;65,000
7,045;68,000
7,055;67,000
7,065;56,000
7,075;78,000
7,085;71,000
7,095;75,000
7,105;57,000
7,115;64,000
7,125;81,000
7,135;73,000
7,145;51,000
7,155;68,000
7,165;47,000
7,175;68,000
7,185;78,000
7,195;57,000
7,205;63,000
7,215;72,000
7,225;68,000
7,235;67,000
7,245;67,000
7,255;48,000
7,265;62,000
7,275;65,000
7,285;68,000
7,295;77,000
7,305;61,000
7,315;62,000
7,325;54,000
7,335;71,000
7,345;73,000
7,355;74,000
7,365;60,000
7,375;54,000
7,385;53,000
7,395;72,000
7,405;67,000
7,415;52,000
7,425;49,000
7,435;74,000
7,445;62,000
7,455;52,000
7,465;58,000
7,475;50,000
7,485;65,000
7,495;71,000
7,505;69,000
7,515;62,000
7,525;49,000
7,535;66,000
7,545;67,000
7,555;77,000
7,565;56,000
7,575;66,000
7,585;77,000
7,595;62,000
7,605;73,000
7,615;54,000
7,625;67,000
7,635;47,000
7,645;77,000
7,655;80,000
7,665;60,000
7,675;56,000
7,685;45,000
7,695;78,000
7,705;61,000
7,715;74,000
7,725;55,000
7,735;66,000
7,745;64,000
7,755;68,000
7,765;46,000
7,775;50,000
7,785;68,000
7,795;51,000
7,805;61,000
7,815;68,000
7,825;55,000
7,835;59,000
7,845;64,000
7,855;58,000
7,865;51,000
7,875;52,000
7,885;72,000
7,895;54,000
7,905;45,000
7,915;59,000
7,925;55,000
7,935;73,000
7,945;63,000
7,955;67,000
7,965;67,000
7,975;65,000
7,985;67,000
7,995;58,000
8,005;53,000
8,015;50,000
8,025;53,000
8,035;61,000
8,045;56,000
8,055;62,000
8,065;56,000
8,075;49,000
8,085;43,000
8,095;60,000
8,105;51,000
8,115;59,000
8,125;48,000
8,135;45,000
8,145;67,000
8,155;69,000
8,165;49,000
8,175;57,000
8,185;53,000
8,195;53,000
8,205;55,000
8,215;63,000
8,225;52,000
8,235;45,000
8,245;40,000
8,255;55,000
8,265;58,000
8,275;65,000
8,285;53,000
8,295;60,000
8,305;68,000
8,315;37,000
8,325;66,000
8,335;48,000
8,345;55,000
8,355;47,000
8,365;47,000
8,375;61,000
8,385;54,000
8,395;53,000
8,405;60,000
8,415;53,000
8,425;51,000
8,435;59,000
8,445;50,000
8,455;46,000
8,465;58,000
8,475;48,000
8,485;59,000
8,495;54,000
8,505;39,000
8,515;49,000
8,525;54,000
8,535;61,000
8,545;40,000
8,555;57,000
8,565;41,000
8,575;54,000
8,585;44,000
8,595;44,000
8,605;41,000
8,615;40,000
8,625;46,000
8,635;40,000
8,645;45,000
8,655;51,000
8,665;46,000
8,675;59,000
8,685;38,000
8,695;46,000
8,705;42,000
8,715;38,000
8,725;48,000
8,735;44,000
8,745;61,000
8,755;29,000
8,765;57,000
8,775;44,000
8,785;37,000
8,795;43,000
8,805;47,000
8,815;39,000
8,825;53,000
8,835;39,000
8,845;44,000
8,855;43,000
8,865;42,000
8,875;46,000
8,885;55,000
8,895;46,000
8,905;35,000
8,915;43,000
8,925;56,000
8,935;46,000
8,945;51,000
8,955;44,000
8,965;50,000
8,975;46,000
8,985;44,000
8,995;43,000
9,005;43,000
9,015;60,000
9,025;60,000
9,035;44,000
9,045;53,000
9,055;36,000
9,065;35,000
9,075;50,000
9,085;38,000
9,095;48,000
9,105;51,000
9,115;47,000
9,125;44,000
9,135;56,000
9,145;31,000
9,155;43,000
9,165;52,000
9,175;46,000
9,185;57,000
9,195;42,000
9,205;46,000
9,215;49,000
9,225;55,000
9,235;49,000
9,245;51,000
9,255;59,000
9,265;57,000
9,275;56,000
9,285;44,000
9,295;37,000
9,305;51,000
9,315;55,000
9,325;53,000
9,335;41,000
9,345;56,000
9,355;61,000
9,365;67,000
9,375;54,000
9,385;56,000
9,395;53,000
9,405;70,000
9,415;61,000
9,425;57,000
9,435;89,000
9,445;69,000
9,455;64,000
9,465;69,000
9,475;76,000
9,485;77,000
9,495;74,000
9,505;81,000
9,515;64,000
9,525;58,000
9,535;87,000
9,545;93,000
9,555;80,000
9,565;93,000
9,575;94,000
9,585;105,000
9,595;97,000
9,605;101,000
9,615;104,000
9,625;105,000
9,635;104,000
9,645;120,000
9,655;100,000
9,665;107,000
9,675;108,000
9,685;106,000
9,695;90,000
9,705;94,000
9,715;111,000
9,725;94,000
9,735;131,000
9,745;100,000
9,755;112,000
9,765;93,000
9,775;113,000
9,785;111,000
9,795;129,000
9,805;122,000
9,815;139,000
9,825;134,000
9,835;88,000
9,845;120,000
9,855;113,000
9,865;90,000
9,875;105,000
9,885;93,000
9,895;95,000
9,905;99,000
9,915;99,000
9,925;98,000
9,935;99,000
9,945;85,000
9,955;86,000
9,965;111,000
9,975;98,000
9,985;83,000
9,995;81,000
10,005;76,000
10,015;95,000
10,025;60,000
10,035;83,000
10,045;76,000
10,055;78,000
10,065;65,000
10,075;64,000
10,085;64,000
10,095;56,000
10,105;63,000
10,115;55,000
10,125;68,000
10,135;48,000
10,145;62,000
10,155;49,000
10,165;51,000
10,175;56,000
10,185;37,000
10,195;40,000
10,205;46,000
10,215;46,000
10,225;32,000
10,235;55,000
10,245;41,000
10,255;33,000
10,265;35,000
10,275;41,000
10,285;34,000
10,295;42,000
10,305;39,000
10,315;23,000
10,325;35,000
10,335;25,000
10,345;26,000
10,355;27,000
10,365;35,000
10,375;28,000
10,385;27,000
10,395;32,000
10,405;31,000
10,415;22,000
10,425;30,000
10,435;30,000
10,445;30,000
10,455;28,000
10,465;37,000
10,475;31,000
10,485;29,000
10,495;32,000
10,505;31,000
10,515;37,000
10,525;28,000
10,535;33,000
10,545;42,000
10,555;39,000
10,565;37,000
10,575;39,000
10,585;48,000
10,595;38,000
10,605;34,000
10,615;44,000
10,625;45,000
10,635;42,000
10,645;47,000
10,655;48,000
10,665;39,000
10,675;55,000
10,685;44,000
10,695;50,000
10,705;54,000
10,715;46,000
10,725;33,000
10,735;54,000
10,745;59,000
10,755;70,000
10,765;71,000
10,775;70,000
10,785;74,000
10,795;55,000
10,805;65,000
10,815;59,000
10,825;71,000
10,835;73,000
10,845;78,000
10,855;85,000
10,865;97,000
10,875;71,000
10,885;82,000
10,895;92,000
10,905;88,000
10,915;72,000
10,925;109,000
10,935;81,000
10,945;96,000
10,955;95,000
10,965;100,000
10,975;90,000
10,985;85,000
10,995;79,000
11,005;103,000
11,015;95,000
11,025;83,000
11,035;87,000
11,045;82,000
11,055;88,000
11,065;71,000
11,075;101,000
11,085;85,000
11,095;87,000
11,105;63,000
11,115;85,000
11,125;70,000
11,135;69,000
11,145;67,000
11,155;69,000
11,165;73,000
11,175;75,000
11,185;86,000
11,195;66,000
11,205;59,000
11,215;64,000
11,225;65,000
11,235;48,000
11,245;55,000
11,255;49,000
11,265;60,000
11,275;52,000
11,285;60,000
11,295;61,000
11,305;43,000
11,315;51,000
11,325;38,000
11,335;32,000
11,345;37,000
11,355;40,000
11,365;35,000
11,375;39,000
11,385;43,000
11,395;30,000
11,405;31,000
11,415;29,000
11,425;38,000
11,435;26,000
11,445;24,000
11,455;20,000
11,465;16,000
11,475;18,000
11,485;17,000
11,495;23,000
11,505;21,000
11,515;22,000
11,525;18,000
11,535;22,000
11,545;16,000
11,555;26,000
11,565;21,000
11,575;18,000
11,585;19,000
11,595;22,000
11,605;21,000
11,615;23,000
11,625;16,000
11,635;14,000
11,645;14,000
11,655;16,000
11,665;9,000
11,675;17,000
11,685;17,000
11,695;16,000
11,705;10,000
11,715;18,000
11,725;11,000
11,735;17,000
11,745;10,000
11,755;11,000
11,765;15,000
11,775;13,000
11,785;6,000
11,795;15,000
11,805;14,000
11,815;14,000
11,825;16,000
11,835;15,000
11,845;7,000
11,855;13,000
11,865;10,000
11,875;16,000
11,885;10,000
11,895;12,000
11,905;12,000
11,915;14,000
11,925;14,000
11,935;10,000
11,945;11,000
11,955;11,000
11,965;14,000
11,975;7,000
11,985;14,000
11,995;15,000
12,005;15,000
12,015;12,000
12,025;8,000
12,035;6,000
12,045;9,000
12,055;8,000
12,065;8,000
12,075;11,000
12,085;10,000
12,095;8,000
12,105;10,000
12,115;8,000
12,125;11,000
12,135;8,000
12,145;10,000
12,155;14,000
12,165;9,000
12,175;8,000
12,185;7,000
12,195;5,000
12,205;13,000
12,215;15,000
12,225;11,000
12,235;6,000
12,245;9,000
12,255;7,000
12,265;6,000
12,275;6,000
12,285;6,000
12,295;6,000
12,305;6,000
12,315;8,000
12,325;5,000
12,335;6,000
12,345;7,000
12,355;3,000
12,365;4,000
12,375;7,000
12,385;4,000
12,395;4,000
12,405;5,000
12,415;6,000
12,425;2,000
12,435;7,000
12,445;7,000
12,455;4,000
12,465;5,000
12,475;4,000
12,485;3,000
12,495;2,000
12,505;7,000
12,515;2,000
12,525;2,000
12,535;4,000
12,545;1,000
12,555;2,000
12,565;4,000
12,575;6,000
12,585;4,000
12,595;2,000
12,605;2,000
12,615;1,000
12,625;3,000
12,635;3,000
12,645;3,000
12,655;1,000
12,665;1,000
12,675;1,000
12,685;3,000
12,695;7,000
12,705;2,000
12,715;2,000
12,725;1,000
12,735;2,000
12,745;1,000
12,755;1,000
12,765;1,000
12,775;1,000
12,785;2,000
12,795;3,000
12,805;2,000
12,815;0,000
12,825;2,000
12,835;2,000
12,845;0,000
12,855;1,000
12,865;1,000
12,875;2,000
12,885;0,000
12,895;2,000
12,905;1,000
12,915;0,000
12,925;1,000
12,935;3,000
12,945;3,000
12,955;2,000
12,965;3,000
12,975;1,000
12,985;0,000
12,995;1,000
13,005;0,000
13,015;1,000
13,025;0,000
13,035;2,000
13,045;2,000
13,055;2,000
13,065;1,000
13,075;0,000
13,085;1,000
13,095;2,000
13,105;2,000
13,115;4,000
13,125;0,000
13,135;0,000
13,145;2,000
13,155;4,000
13,165;0,000
13,175;1,000
13,185;2,000
13,195;4,000
13,205;2,000
13,215;0,000
13,225;3,000
13,235;0,000
13,245;0,000
13,255;1,000
13,265;0,000
13,275;2,000
13,285;3,000
13,295;1,000
13,305;1,000
13,315;1,000
13,325;1,000
13,335;0,000
13,345;3,000
13,355;3,000
13,365;2,000
13,375;1,000
13,385;2,000
13,395;0,000
13,405;0,000
13,415;2,000
13,425;0,000
13,435;0,000
13,445;2,000
13,455;1,000
13,465;0,000
13,475;2,000
13,485;2,000
13,495;1,000
13,505;1,000
13,515;0,000
13,525;1,000
13,535;1,000
13,545;3,000
13,555;5,000
13,565;1,000
13,575;1,000
13,585;3,000
13,595;3,000
13,605;1,000
13,615;1,000
13,625;4,000
13,635;0,000
13,645;0,000
13,655;0,000
13,665;4,000
13,675;2,000
13,685;1,000
13,695;1,000
13,705;1,000
13,715;2,000
13,725;0,000
13,735;1,000
13,745;0,000
13,755;1,000
13,765;3,000
13,775;0,000
13,785;2,000
13,795;1,000
13,805;3,000
13,815;1,000
13,825;0,000
13,835;1,000
13,845;2,000
13,855;2,000
13,865;0,000
13,875;4,000
13,885;2,000
13,895;4,000
13,905;2,000
13,915;3,000
13,925;2,000
13,935;2,000
13,945;1,000
13,955;1,000
13,965;2,000
13,975;1,000
13,985;0,000
13,995;0,000
14,005;1,000
14,015;5,000
14,025;2,000
14,035;0,000
14,045;2,000
14,055;4,000
14,065;3,000
14,075;2,000
14,085;2,000
14,095;1,000
14,105;4,000
14,115;1,000
14,125;0,000
14,135;2,000
14,145;4,000
14,155;1,000
14,165;2,000
14,175;0,000
14,185;1,000
14,195;4,000
14,205;2,000
14,215;0,000
14,225;3,000
14,235;1,000
14,245;0,000
14,255;3,000
14,265;1,000
14,275;0,000
14,285;1,000
14,295;2,000
14,305;0,000
14,315;0,000
14,325;6,000
14,335;1,000
14,345;0,000
14,355;5,000
14,365;2,000
14,375;0,000
14,385;6,000
14,395;0,000
14,405;3,000
14,415;1,000
14,425;2,000
14,435;0,000
14,445;0,000
14,455;3,000
14,465;0,000
14,475;2,000
14,485;1,000
14,495;2,000
14,505;4,000
14,515;2,000
14,525;0,000
14,535;3,000
14,545;1,000
14,555;1,000
14,565;3,000
14,575;1,000
14,585;0,000
14,595;1,000
14,605;3,000
14,615;1,000
14,625;1,000
14,635;3,000
14,645;1,000
14,655;0,000
14,665;2,000
14,675;1,000
14,685;2,000
14,695;1,000
14,705;1,000
14,715;0,000
14,725;1,000
14,735;1,000
14,745;1,000
14,755;4,000
14,765;2,000
14,775;2,000
14,785;1,000
14,795;2,000
14,805;1,000
14,815;3,000
14,825;0,000
14,835;0,000
14,845;0,000
14,855;0,000
14,865;0,000
14,875;0,000
14,885;2,000
14,895;1,000
14,905;3,000
14,915;1,000
14,925;3,000
14,935;0,000
14,945;0,000
14,955;0,000
14,965;1,000
14,975;1,000
14,985;2,000
14,995;0,000
15,005;4,000
15,015;0,000
15,025;1,000
15,035;1,000
15,045;0,000
15,055;0,000
15,065;0,000
15,075;2,000
15,085;1,000
15,095;2,000
15,105;1,000
15,115;0,000
15,125;1,000
15,135;3,000
15,145;0,000
15,155;1,000
15,165;0,000
15,175;1,000
15,185;1,000
15,195;1,000
15,205;1,000
15,215;0,000
15,225;1,000
15,235;0,000
15,245;1,000
15,255;2,000
15,265;1,000
15,275;3,000
15,285;1,000
15,295;2,000
15,305;1,000
15,315;1,000
15,325;0,000
15,335;5,000
15,345;2,000
15,355;3,000
15,365;7,000
15,375;3,000
15,385;0,000
15,395;1,000
15,405;2,000
15,415;5,000
15,425;3,000
15,435;3,000
15,445;5,000
15,455;2,000
15,465;4,000
15,475;3,000
15,485;1,000
15,495;3,000
15,505;2,000
15,515;2,000
15,525;4,000
15,535;5,000
15,545;2,000
15,555;7,000
15,565;3,000
15,575;3,000
15,585;2,000
15,595;5,000
15,605;3,000
15,615;4,000
15,625;2,000
15,635;5,000
15,645;1,000
15,655;5,000
15,665;3,000
15,675;3,000
15,685;5,000
15,695;3,000
15,705;2,000
15,715;4,000
15,725;5,000
15,735;3,000
15,745;4,000
15,755;1,000
15,765;3,000
15,775;2,000
15,785;4,000
15,795;2,000
15,805;1,000
15,815;2,000
15,825;2,000
15,835;3,000
15,845;2,000
15,855;4,000
15,865;3,000
15,875;3,000
15,885;2,000
15,895;2,000
15,905;1,000
15,915;1,000
15,925;4,000
15,935;2,000
15,945;3,000
15,955;0,000
15,965;1,000
15,975;1,000
15,985;2,000
15,995;2,000
16,005;3,000
16,015;3,000
16,025;0,000
16,035;1,000
16,045;0,000
16,055;2,000
16,065;2,000
16,075;1,000
16,085;2,000
16,095;2,000
16,105;0,000
16,115;0,000
16,125;0,000
16,135;0,000
16,145;0,000
16,155;0,000
16,165;0,000
16,175;0,000
16,185;1,000
16,195;0,000
16,205;0,000
16,215;1,000
16,225;3,000
16,235;0,000
16,245;1,000
16,255;0,000
16,265;1,000
16,275;1,000
16,285;1,000
16,295;3,000
16,305;0,000
16,315;0,000
16,325;2,000
16,335;1,000
16,345;0,000
16,355;1,000
16,365;1,000
16,375;2,000
16,385;3,000
16,395;0,000
16,405;1,000
16,415;2,000
16,425;2,000
16,435;0,000
16,445;1,000
16,455;0,000
16,465;1,000
16,475;2,000
16,485;3,000
16,495;1,000
16,505;1,000
16,515;1,000
16,525;3,000
16,535;1,000
16,545;2,000
16,555;2,000
16,565;2,000
16,575;2,000
16,585;1,000
16,595;5,000
16,605;3,000
16,615;2,000
16,625;1,000
16,635;3,000
16,645;1,000
16,655;1,000
16,665;4,000
16,675;1,000
16,685;2,000
16,695;1,000
16,705;6,000
16,715;3,000
16,725;1,000
16,735;3,000
16,745;0,000
16,755;3,000
16,765;4,000
16,775;2,000
16,785;3,000
16,795;1,000
16,805;0,000
16,815;0,000
16,825;3,000
16,835;2,000
16,845;1,000
16,855;3,000
16,865;3,000
16,875;0,000
16,885;1,000
16,895;3,000
16,905;1,000
16,915;0,000
16,925;2,000
16,935;2,000
16,945;3,000
16,955;0,000
16,965;4,000
16,975;2,000
16,985;0,000
16,995;1,000
17,005;0,000
17,015;0,000
17,025;0,000
17,035;1,000
17,045;2,000
17,055;1,000
17,065;3,000
17,075;0,000
17,085;0,000
17,095;1,000
17,105;0,000
17,115;1,000
17,125;0,000
17,135;0,000
17,145;0,000
17,155;0,000
17,165;0,000
17,175;0,000
17,185;0,000
17,195;0,000
17,205;0,000
17,215;0,000
17,225;1,000
17,235;1,000
17,245;0,000
17,255;0,000
17,265;0,000
17,275;0,000
17,285;0,000
17,295;0,000
17,305;0,000
17,315;0,000
17,325;0,000
17,335;0,000
17,345;0,000
17,355;1,000
17,365;0,000
17,375;0,000
17,385;0,000
17,395;0,000
17,405;0,000
17,415;0,000
17,425;0,000
17,435;1,000
17,445;0,000
17,455;0,000
17,465;0,000
17,475;0,000
17,485;0,000
17,495;0,000
17,505;0,000
17,515;0,000
17,525;0,000
17,535;0,000
17,545;0,000
17,555;0,000
17,565;1,000
17,575;1,000
17,585;0,000
17,595;0,000
17,605;0,000
17,615;0,000
17,625;0,000
17,635;0,000
17,645;0,000
17,655;0,000
17,665;0,000
17,675;0,000
17,685;0,000
17,695;0,000
17,705;0,000
17,715;0,000
17,725;0,000
17,735;0,000
17,745;0,000
17,755;0,000
17,765;0,000
17,775;0,000
17,785;0,000
17,795;0,000
17,805;0,000
17,815;0,000
17,825;0,000
17,835;0,000
17,845;0,000
17,855;0,000
17,865;0,000
17,875;0,000
17,885;1,000
17,895;0,000
17,905;0,000
17,915;0,000
17,925;0,000
17,935;0,000
17,945;0,000
17,955;0,000
17,965;0,000
17,975;0,000
17,985;0,000
17,995;0,000
18,005;0,000
18,015;0,000
18,025;0,000
18,035;0,000
18,045;0,000
18,055;0,000
18,065;0,000
18,075;0,000
18,085;0,000
18,095;0,000
18,105;0,000
18,115;0,000
18,125;0,000
18,135;0,000
18,145;0,000
18,155;0,000
18,165;0,000
18,175;0,000
18,185;0,000
18,195;0,000
18,205;0,000
18,215;0,000
18,225;0,000
18,235;0,000
18,245;0,000
18,255;0,000
18,265;0,000
18,275;0,000
18,285;0,000
18,295;0,000
18,305;0,000
18,315;0,000
18,325;0,000
18,335;0,000
18,345;0,000
18,355;0,000
18,365;0,000
18,375;0,000
18,385;0,000
18,395;0,000
18,405;0,000
18,415;0,000
18,425;0,000
18,435;0,000
18,445;0,000
18,455;0,000
18,465;0,000
18,475;0,000
18,485;0,000
18,495;0,000
18,505;0,000
18,515;0,000
18,525;0,000
18,535;0,000
18,545;0,000
18,555;0,000
18,565;0,000
18,575;0,000
18,585;0,000
18,595;0,000
18,605;0,000
18,615;0,000
18,625;0,000
18,635;0,000
18,645;0,000
18,655;0,000
18,665;0,000
18,675;1,000
18,685;0,000
18,695;0,000
18,705;0,000
18,715;0,000
18,725;0,000
18,735;1,000
18,745;0,000
18,755;0,000
18,765;0,000
18,775;0,000
18,785;0,000
18,795;0,000
18,805;0,000
18,815;0,000
18,825;0,000
18,835;0,000
18,845;0,000
18,855;0,000
18,865;0,000
18,875;0,000
18,885;0,000
18,895;0,000
18,905;0,000
18,915;0,000
18,925;0,000
18,935;0,000
18,945;0,000
18,955;0,000
18,965;0,000
18,975;0,000
18,985;0,000
18,995;0,000
19,005;0,000
19,015;0,000
19,025;0,000
19,035;0,000
19,045;0,000
19,055;0,000
19,065;0,000
19,075;0,000
19,085;0,000
19,095;0,000
19,105;0,000
19,115;0,000
19,125;0,000
19,135;0,000
19,145;0,000
19,155;0,000
19,165;0,000
19,175;0,000
19,185;0,000
19,195;0,000
19,205;0,000
19,215;0,000
19,225;0,000
19,235;1,000
19,245;0,000
19,255;0,000
19,265;0,000
19,275;0,000
19,285;0,000
19,295;1,000
19,305;0,000
19,315;0,000
19,325;0,000
19,335;0,000
19,345;0,000
19,355;0,000
19,365;0,000
19,375;0,000
19,385;0,000
19,395;0,000
19,405;0,000
19,415;0,000
19,425;0,000
19,435;0,000
19,445;0,000
19,455;0,000
19,465;0,000
19,475;1,000
19,485;0,000
19,495;0,000
19,505;0,000
19,515;0,000
19,525;0,000
19,535;0,000
19,545;0,000
19,555;0,000
19,565;0,000
19,575;0,000
19,585;0,000
19,595;0,000
19,605;0,000
19,615;0,000
19,625;0,000
19,635;0,000
19,645;0,000
19,655;0,000
19,665;0,000
19,675;0,000
19,685;0,000
19,695;1,000
19,705;0,000
19,715;0,000
19,725;0,000
19,735;0,000
19,745;0,000
19,755;0,000
19,765;0,000
19,775;0,000
19,785;0,000
19,795;0,000
19,805;0,000
19,815;0,000
19,825;0,000
19,835;0,000
19,845;0,000
19,855;0,000
19,865;0,000
19,875;0,000
19,885;0,000
19,895;1,000
19,905;0,000
19,915;0,000
19,925;171,000
19,935;0,000
19,945;1,000
19,955;0,000
19,965;0,000
19,975;0,000
19,985;1,000
19,995;43,000
