0,005;0,000
0,015;0,000
0,025;0,000
0,035;0,000
0,045;0,000
0,055;0,000
0,065;0,000
0,075;0,000
0,085;0,000
0,095;0,000
0,105;0,000
0,115;0,000
0,125;0,000
0,135;0,000
0,145;0,000
0,155;0,000
0,165;0,000
0,175;0,000
0,185;0,000
0,195;0,000
0,205;0,000
0,215;0,000
0,225;0,000
0,235;0,000
0,245;0,000
0,255;0,000
0,265;0,000
0,275;0,000
0,285;0,000
0,295;0,000
0,305;0,000
0,315;0,000
0,325;0,000
0,335;0,000
0,345;0,000
0,355;0,000
0,365;0,000
0,375;0,000
0,385;0,000
0,395;0,000
0,405;0,000
0,415;0,000
0,425;0,000
0,435;0,000
0,445;0,000
0,455;0,000
0,465;0,000
0,475;0,000
0,485;0,000
0,495;0,000
0,505;0,000
0,515;0,000
0,525;0,000
0,535;0,000
0,545;0,000
0,555;0,000
0,565;0,000
0,575;0,000
0,585;0,000
0,595;0,000
0,605;0,000
0,615;0,000
0,625;0,000
0,635;0,000
0,645;0,000
0,655;0,000
0,665;0,000
0,675;0,000
0,685;0,000
0,695;0,000
0,705;0,000
0,715;0,000
0,725;0,000
0,735;0,000
0,745;0,000
0,755;0,000
0,765;0,000
0,775;0,000
0,785;0,000
0,795;0,000
0,805;0,000
0,815;0,000
0,825;0,000
0,835;0,000
0,845;0,000
0,855;0,000
0,865;0,000
0,875;0,000
0,885;0,000
0,895;0,000
0,905;0,000
0,915;0,000
0,925;0,000
0,935;0,000
0,945;0,000
0,955;0,000
0,965;0,000
0,975;0,000
0,985;0,000
0,995;0,000
1,005;0,000
1,015;0,000
1,025;0,000
1,035;0,000
1,045;0,000
1,055;0,000
1,065;0,000
1,075;0,000
1,085;0,000
1,095;0,000
1,105;0,000
1,115;0,000
1,125;0,000
1,135;0,000
1,145;0,000
1,155;0,000
1,165;0,000
1,175;0,000
1,185;0,000
1,195;0,000
1,205;0,000
1,215;0,000
1,225;0,000
1,235;0,000
1,245;0,000
1,255;0,000
1,265;0,000
1,275;0,000
1,285;0,000
1,295;0,000
1,305;0,000
1,315;0,000
1,325;0,000
1,335;0,000
1,345;0,000
1,355;0,000
1,365;0,000
1,375;0,000
1,385;0,000
1,395;0,000
1,405;0,000
1,415;0,000
1,425;0,000
1,435;0,000
1,445;0,000
1,455;0,000
1,465;4,000
1,475;31,000
1,485;88,000
1,495;163,000
1,505;172,000
1,515;172,000
1,525;171,000
1,535;163,000
1,545;180,000
1,555;170,000
1,565;157,000
1,575;165,000
1,585;148,000
1,595;164,000
1,605;168,000
1,615;167,000
1,625;137,000
1,635;196,000
1,645;159,000
1,655;182,000
1,665;171,000
1,675;162,000
1,685;172,000
1,695;171,000
1,705;179,000
1,715;131,000
1,725;181,000
1,735;153,000
1,745;148,000
1,755;161,000
1,765;126,000
1,775;150,000
1,785;141,000
1,795;147,000
1,805;143,000
1,815;140,000
1,825;135,000
1,835;169,000
1,845;161,000
1,855;158,000
1,865;135,000
1,875;161,000
1,885;130,000
1,895;150,000
1,905;160,000
1,915;137,000
1,925;162,000
1,935;133,000
1,945;164,000
1,955;132,000
1,965;167,000
1,975;164,000
1,985;160,000
1,995;124,000
2,005;140,000
2,015;142,000
2,025;152,000
2,035;138,000
2,045;151,000
2,055;150,000
2,065;147,000
2,075;158,000
2,085;154,000
2,095;156,000
2,105;130,000
2,115;159,000
2,125;135,000
2,135;144,000
2,145;160,000
2,155;155,000
2,165;145,000
2,175;159,000
2,185;150,000
2,195;125,000
2,205;147,000
2,215;130,000
2,225;154,000
2,235;141,000
2,245;147,000
2,255;163,000
2,265;135,000
2,275;141,000
2,285;157,000
2,295;166,000
2,305;132,000
2,315;125,000
2,325;122,000
2,335;155,000
2,345;125,000
2,355;123,000
2,365;151,000
2,375;128,000
2,385;114,000
2,395;146,000
2,405;144,000
2,415;132,000
2,425;133,000
2,435;139,000
2,445;134,000
2,455;143,000
2,465;122,000
2,475;117,000
2,485;116,000
2,495;156,000
2,505;130,000
2,515;120,000
2,525;119,000
2,535;121,000
2,545;135,000
2,555;127,000
2,565;124,000
2,575;115,000
2,585;101,000
2,595;121,000
2,605;138,000
2,615;114,000
2,625;129,000
2,635;115,000
2,645;111,000
2,655;120,000
2,665;116,000
2,675;108,000
2,685;132,000
2,695;120,000
2,705;116,000
2,715;115,000
2,725;123,000
2,735;104,000
2,745;103,000
2,755;131,000
2,765;102,000
2,775;108,000
2,785;109,000
2,795;93,000
2,805;119,000
2,815;118,000
2,825;124,000
2,835;109,000
2,845;127,000
2,855;124,000
2,865;120,000
2,875;122,000
2,885;110,000
2,895;124,000
2,905;100,000
2,915;117,000
2,925;94,000
2,935;116,000
2,945;122,000
2,955;106,000
2,965;112,000
2,975;105,000
2,985;109,000
2,995;133,000
3,005;112,000
3,015;120,000
3,025;114,000
3,035;128,000
3,045;85,000
3,055;97,000
3,065;112,000
3,075;117,000
3,085;100,000
3,095;116,000
3,105;122,000
3,115;116,000
3,125;116,000
3,135;109,000
3,145;95,000
3,155;120,000
3,165;112,000
3,175;124,000
3,185;120,000
3,195;107,000
3,205;116,000
3,215;106,000
3,225;105,000
3,235;131,000
3,245;97,000
3,255;106,000
3,265;102,000
3,275;111,000
3,285;117,000
3,295;107,000
3,305;118,000
3,315;118,000
3,325;98,000
3,335;92,000
3,345;96,000
3,355;98,000
3,365;89,000
3,375;124,000
3,385;110,000
3,395;95,000
3,405;117,000
3,415;104,000
3,425;119,000
3,435;77,000
3,445;107,000
3,455;102,000
3,465;102,000
3,475;83,000
3,485;99,000
3,495;89,000
3,505;91,000
3,515;102,000
3,525;90,000
3,535;92,000
3,545;104,000
3,555;94,000
3,565;93,000
3,575;103,000
3,585;86,000
3,595;105,000
3,605;82,000
3,615;91,000
3,625;97,000
3,635;111,000
3,645;104,000
3,655;98,000
3,665;100,000
3,675;100,000
3,685;92,000
3,695;103,000
3,705;113,000
3,715;86,000
3,725;133,000
3,735;94,000
3,745;106,000
3,755;92,000
3,765;91,000
3,775;89,000
3,785;91,000
3,795;95,000
3,805;102,000
3,815;91,000
3,825;93,000
3,835;94,000
3,845;93,000
3,855;96,000
3,865;91,000
3,875;98,000
3,885;90,000
3,895;100,000
3,905;88,000
3,915;92,000
3,925;90,000
3,935;98,000
3,945;87,000
3,955;96,000
3,965;103,000
3,975;94,000
3,985;90,000
3,995;89,000
4,005;108,000
4,015;101,000
4,025;91,000
4,035;111,000
4,045;97,000
4,055;97,000
4,065;91,000
4,075;84,000
4,085;97,000
4,095;91,000
4,105;86,000
4,115;95,000
4,125;107,000
4,135;78,000
4,145;87,000
4,155;95,000
4,165;91,000
4,175;95,000
4,185;88,000
4,195;111,000
4,205;96,000
4,215;95,000
4,225;97,000
4,235;103,000
4,245;88,000
4,255;88,000
4,265;102,000
4,275;97,000
4,285;98,000
4,295;90,000
4,305;90,000
4,315;87,000
4,325;110,000
4,335;79,000
4,345;78,000
4,355;100,000
4,365;100,000
4,375;76,000
4,385;98,000
4,395;96,000
4,405;100,000
4,415;100,000
4,425;91,000
4,435;86,000
4,445;86,000
4,455;96,000
4,465;109,000
4,475;78,000
4,485;98,000
4,495;99,000
4,505;100,000
4,515;80,000
4,525;97,000
4,535;79,000
4,545;85,000
4,555;105,000
4,565;86,000
4,575;103,000
4,585;86,000
4,595;94,000
4,605;79,000
4,615;93,000
4,625;82,000
4,635;98,000
4,645;97,000
4,655;92,000
4,665;90,000
4,675;84,000
4,685;76,000
4,695;85,000
4,705;92,000
4,715;90,000
4,725;93,000
4,735;74,000
4,745;94,000
4,755;99,000
4,765;84,000
4,775;84,000
4,785;82,000
4,795;80,000
4,805;91,000
4,815;89,000
4,825;88,000
4,835;91,000
4,845;82,000
4,855;98,000
4,865;76,000
4,875;89,000
4,885;104,000
4,895;111,000
4,905;101,000
4,915;88,000
4,925;95,000
4,935;74,000
4,945;88,000
4,955;86,000
4,965;97,000
4,975;94,000
4,985;83,000
4,995;85,000
5,005;69,000
5,015;93,000
5,025;78,000
5,035;98,000
5,045;100,000
5,055;86,000
5,065;84,000
5,075;102,000
5,085;82,000
5,095;96,000
5,105;89,000
5,115;87,000
5,125;93,000
5,135;74,000
5,145;96,000
5,155;80,000
5,165;84,000
5,175;78,000
5,185;79,000
5,195;66,000
5,205;86,000
5,215;90,000
5,225;81,000
5,235;94,000
5,245;102,000
5,255;117,000
5,265;87,000
5,275;87,000
5,285;92,000
5,295;88,000
5,305;88,000
5,315;101,000
5,325;77,000
5,335;87,000
5,345;93,000
5,355;90,000
5,365;84,000
5,375;89,000
5,385;83,000
5,395;84,000
5,405;98,000
5,415;85,000
5,425;92,000
5,435;88,000
5,445;94,000
5,455;80,000
5,465;70,000
5,475;93,000
5,485;88,000
5,495;82,000
5,505;84,000
5,515;92,000
5,525;85,000
5,535;101,000
5,545;74,000
5,555;89,000
5,565;98,000
5,575;98,000
5,585;89,000
5,595;83,000
5,605;89,000
5,615;75,000
5,625;85,000
5,635;84,000
5,645;74,000
5,655;85,000
5,665;96,000
5,675;97,000
5,685;85,000
5,695;89,000
5,705;99,000
5,715;95,000
5,725;102,000
5,735;82,000
5,745;92,000
5,755;84,000
5,765;94,000
5,775;81,000
5,785;84,000
5,795;87,000
5,805;90,000
5,815;77,000
5,825;83,000
5,835;75,000
5,845;74,000
5,855;70,000
5,865;93,000
5,875;108,000
5,885;107,000
5,895;83,000
5,905;80,000
5,915;97,000
5,925;90,000
5,935;78,000
5,945;87,000
5,955;74,000
5,965;88,000
5,975;83,000
5,985;83,000
5,995;104,000
6,005;102,000
6,015;85,000
6,025;78,000
6,035;92,000
6,045;85,000
6,055;93,000
6,065;71,000
6,075;87,000
6,085;72,000
6,095;84,000
6,105;105,000
6,115;82,000
6,125;86,000
6,135;103,000
6,145;73,000
6,155;71,000
6,165;92,000
6,175;84,000
6,185;71,000
6,195;79,000
6,205;70,000
6,215;82,000
6,225;92,000
6,235;77,000
6,245;100,000
6,255;83,000
6,265;84,000
6,275;78,000
6,285;99,000
6,295;82,000
6,305;69,000
6,315;73,000
6,325;96,000
6,335;101,000
6,345;77,000
6,355;93,000
6,365;88,000
6,375;100,000
6,385;92,000
6,395;96,000
6,405;85,000
6,415;77,000
6,425;84,000
6,435;83,000
6,445;96,000
6,455;89,000
6,465;95,000
6,475;91,000
6,485;78,000
6,495;73,000
6,505;90,000
6,515;105,000
6,525;78,000
6,535;88,000
6,545;85,000
6,555;79,000
6,565;82,000
6,575;98,000
6,585;90,000
6,595;90,000
6,605;70,000
6,615;109,000
6,625;83,000
6,635;98,000
6,645;88,000
6,655;70,000
6,665;93,000
6,675;87,000
6,685;86,000
6,695;82,000
6,705;83,000
6,715;104,000
6,725;83,000
6,735;74,000
6,745;89,000
6,755;80,000
6,765;87,000
6,775;97,000
6,785;98,000
6,795;99,000
6,805;74,000
6,815;89,000
6,825;102,000
6,835;100,000
6,845;101,000
6,855;110,000
6,865;89,000
6,875;99,000
6,885;93,000
6,895;70,000
6,905;93,000
6,915;102,000
6,925;92,000
6,935;93,000
6,945;89,000
6,955;84,000
6,965;86,000
6,975;84,000
6,985;97,000
6,995;90,000
7,005;99,000
7,015;110,000
7,025;86,000
7,035;74,000
7,045;99,000
7,055;88,000
7,065;99,000
7,075;94,000
7,085;99,000
7,095;81,000
7,105;89,000
7,115;78,000
7,125;105,000
7,135;93,000
7,145;90,000
7,155;74,000
7,165;89,000
7,175;90,000
7,185;84,000
7,195;96,000
7,205;85,000
7,215;73,000
7,225;99,000
7,235;90,000
7,245;91,000
7,255;108,000
7,265;97,000
7,275;98,000
7,285;88,000
7,295;108,000
7,305;89,000
7,315;98,000
7,325;99,000
7,335;82,000
7,345;93,000
7,355;103,000
7,365;83,000
7,375;97,000
7,385;82,000
7,395;76,000
7,405;107,000
7,415;100,000
7,425;78,000
7,435;99,000
7,445;101,000
7,455;90,000
7,465;96,000
7,475;94,000
7,485;99,000
7,495;89,000
7,505;81,000
7,515;84,000
7,525;93,000
7,535;98,000
7,545;79,000
7,555;75,000
7,565;85,000
7,575;108,000
7,585;103,000
7,595;78,000
7,605;99,000
7,615;110,000
7,625;96,000
7,635;93,000
7,645;82,000
7,655;86,000
7,665;83,000
7,675;86,000
7,685;105,000
7,695;86,000
7,705;108,000
7,715;81,000
7,725;103,000
7,735;83,000
7,745;67,000
7,755;95,000
7,765;89,000
7,775;91,000
7,785;102,000
7,795;104,000
7,805;99,000
7,815;91,000
7,825;90,000
7,835;94,000
7,845;89,000
7,855;73,000
7,865;90,000
7,875;83,000
7,885;93,000
7,895;85,000
7,905;96,000
7,915;75,000
7,925;83,000
7,935;86,000
7,945;79,000
7,955;81,000
7,965;100,000
7,975;99,000
7,985;87,000
7,995;82,000
8,005;101,000
8,015;86,000
8,025;68,000
8,035;88,000
8,045;80,000
8,055;77,000
8,065;76,000
8,075;75,000
8,085;89,000
8,095;81,000
8,105;91,000
8,115;74,000
8,125;78,000
8,135;77,000
8,145;61,000
8,155;70,000
8,165;82,000
8,175;81,000
8,185;78,000
8,195;66,000
8,205;88,000
8,215;76,000
8,225;74,000
8,235;86,000
8,245;74,000
8,255;71,000
8,265;76,000
8,275;69,000
8,285;78,000
8,295;84,000
8,305;82,000
8,315;69,000
8,325;85,000
8,335;82,000
8,345;80,000
8,355;76,000
8,365;82,000
8,375;74,000
8,385;77,000
8,395;68,000
8,405;61,000
8,415;70,000
8,425;59,000
8,435;63,000
8,445;54,000
8,455;59,000
8,465;66,000
8,475;69,000
8,485;59,000
8,495;75,000
8,505;73,000
8,515;67,000
8,525;54,000
8,535;74,000
8,545;64,000
8,555;74,000
8,565;73,000
8,575;59,000
8,585;66,000
8,595;49,000
8,605;68,000
8,615;58,000
8,625;61,000
8,635;69,000
8,645;71,000
8,655;59,000
8,665;58,000
8,675;72,000
8,685;68,000
8,695;75,000
8,705;65,000
8,715;53,000
8,725;67,000
8,735;65,000
8,745;71,000
8,755;53,000
8,765;61,000
8,775;69,000
8,785;64,000
8,795;66,000
8,805;73,000
8,815;66,000
8,825;63,000
8,835;68,000
8,845;63,000
8,855;61,000
8,865;59,000
8,875;61,000
8,885;65,000
8,895;54,000
8,905;63,000
8,915;58,000
8,925;65,000
8,935;56,000
8,945;47,000
8,955;49,000
8,965;67,000
8,975;60,000
8,985;58,000
8,995;55,000
9,005;62,000
9,015;57,000
9,025;43,000
9,035;49,000
9,045;69,000
9,055;58,000
9,065;70,000
9,075;62,000
9,085;61,000
9,095;62,000
9,105;63,000
9,115;55,000
9,125;72,000
9,135;67,000
9,145;65,000
9,155;58,000
9,165;52,000
9,175;43,000
9,185;63,000
9,195;62,000
9,205;75,000
9,215;54,000
9,225;65,000
9,235;67,000
9,245;72,000
9,255;58,000
9,265;72,000
9,275;69,000
9,285;59,000
9,295;73,000
9,305;84,000
9,315;73,000
9,325;79,000
9,335;77,000
9,345;86,000
9,355;72,000
9,365;74,000
9,375;92,000
9,385;69,000
9,395;76,000
9,405;99,000
9,415;112,000
9,425;101,000
9,435;81,000
9,445;97,000
9,455;106,000
9,465;113,000
9,475;119,000
9,485;115,000
9,495;130,000
9,505;131,000
9,515;140,000
9,525;124,000
9,535;152,000
9,545;138,000
9,555;124,000
9,565;132,000
9,575;164,000
9,585;154,000
9,595;180,000
9,605;169,000
9,615;180,000
9,625;187,000
9,635;173,000
9,645;196,000
9,655;199,000
9,665;191,000
9,675;211,000
9,685;192,000
9,695;195,000
9,705;240,000
9,715;246,000
9,725;213,000
9,735;211,000
9,745;216,000
9,755;240,000
9,765;241,000
9,775;232,000
9,785;259,000
9,795;232,000
9,805;258,000
9,815;264,000
9,825;248,000
9,835;265,000
9,845;258,000
9,855;251,000
9,865;264,000
9,875;217,000
9,885;270,000
9,895;277,000
9,905;230,000
9,915;249,000
9,925;220,000
9,935;257,000
9,945;220,000
9,955;205,000
9,965;221,000
9,975;229,000
9,985;201,000
9,995;214,000
10,005;227,000
10,015;200,000
10,025;173,000
10,035;199,000
10,045;166,000
10,055;186,000
10,065;201,000
10,075;163,000
10,085;181,000
10,095;185,000
10,105;159,000
10,115;160,000
10,125;125,000
10,135;133,000
10,145;144,000
10,155;113,000
10,165;121,000
10,175;119,000
10,185;105,000
10,195;116,000
10,205;107,000
10,215;108,000
10,225;97,000
10,235;93,000
10,245;101,000
10,255;80,000
10,265;92,000
10,275;91,000
10,285;66,000
10,295;76,000
10,305;68,000
10,315;75,000
10,325;70,000
10,335;65,000
10,345;58,000
10,355;54,000
10,365;63,000
10,375;64,000
10,385;59,000
10,395;44,000
10,405;44,000
10,415;53,000
10,425;52,000
10,435;56,000
10,445;45,000
10,455;47,000
10,465;62,000
10,475;39,000
10,485;39,000
10,495;49,000
10,505;46,000
10,515;55,000
10,525;58,000
10,535;70,000
10,545;65,000
10,555;53,000
10,565;41,000
10,575;54,000
10,585;61,000
10,595;61,000
10,605;64,000
10,615;63,000
10,625;79,000
10,635;76,000
10,645;67,000
10,655;88,000
10,665;94,000
10,675;95,000
10,685;83,000
10,695;91,000
10,705;77,000
10,715;86,000
10,725;104,000
10,735;95,000
10,745;114,000
10,755;127,000
10,765;127,000
10,775;141,000
10,785;137,000
10,795;127,000
10,805;133,000
10,815;124,000
10,825;143,000
10,835;152,000
10,845;161,000
10,855;165,000
10,865;163,000
10,875;188,000
10,885;169,000
10,895;149,000
10,905;174,000
10,915;187,000
10,925;185,000
10,935;190,000
10,945;188,000
10,955;177,000
10,965;216,000
10,975;194,000
10,985;199,000
10,995;212,000
11,005;213,000
11,015;203,000
11,025;201,000
11,035;187,000
11,045;214,000
11,055;207,000
11,065;213,000
11,075;191,000
11,085;181,000
11,095;207,000
11,105;198,000
11,115;193,000
11,125;208,000
11,135;180,000
11,145;172,000
11,155;214,000
11,165;172,000
11,175;172,000
11,185;175,000
11,195;145,000
11,205;168,000
11,215;163,000
11,225;164,000
11,235;155,000
11,245;162,000
11,255;163,000
11,265;133,000
11,275;124,000
11,285;149,000
11,295;139,000
11,305;135,000
11,315;140,000
11,325;107,000
11,335;122,000
11,345;106,000
11,355;124,000
11,365;98,000
11,375;96,000
11,385;88,000
11,395;103,000
11,405;87,000
11,415;77,000
11,425;90,000
11,435;100,000
11,445;76,000
11,455;84,000
11,465;83,000
11,475;79,000
11,485;53,000
11,495;72,000
11,505;67,000
11,515;53,000
11,525;50,000
11,535;46,000
11,545;37,000
11,555;43,000
11,565;44,000
11,575;47,000
11,585;31,000
11,595;35,000
11,605;32,000
11,615;39,000
11,625;36,000
11,635;33,000
11,645;19,000
11,655;38,000
11,665;21,000
11,675;26,000
11,685;30,000
11,695;18,000
11,705;23,000
11,715;22,000
11,725;15,000
11,735;14,000
11,745;24,000
11,755;14,000
11,765;24,000
11,775;16,000
11,785;18,000
11,795;17,000
11,805;15,000
11,815;19,000
11,825;16,000
11,835;17,000
11,845;19,000
11,855;11,000
11,865;16,000
11,875;9,000
11,885;21,000
11,895;17,000
11,905;13,000
11,915;10,000
11,925;9,000
11,935;15,000
11,945;11,000
11,955;5,000
11,965;11,000
11,975;11,000
11,985;15,000
11,995;9,000
12,005;10,000
12,015;12,000
12,025;15,000
12,035;14,000
12,045;4,000
12,055;13,000
12,065;14,000
12,075;9,000
12,085;10,000
12,095;11,000
12,105;8,000
12,115;7,000
12,125;7,000
12,135;10,000
12,145;6,000
12,155;10,000
12,165;6,000
12,175;5,000
12,185;8,000
12,195;6,000
12,205;11,000
12,215;2,000
12,225;5,000
12,235;5,000
12,245;4,000
12,255;3,000
12,265;8,000
12,275;3,000
12,285;5,000
12,295;11,000
12,305;6,000
12,315;4,000
12,325;4,000
12,335;4,000
12,345;10,000
12,355;6,000
12,365;4,000
12,375;4,000
12,385;2,000
12,395;5,000
12,405;4,000
12,415;6,000
12,425;3,000
12,435;2,000
12,445;2,000
12,455;6,000
12,465;5,000
12,475;5,000
12,485;4,000
12,495;1,000
12,505;3,000
12,515;0,000
12,525;1,000
12,535;3,000
12,545;2,000
12,555;3,000
12,565;3,000
12,575;1,000
12,585;3,000
12,595;2,000
12,605;4,000
12,615;3,000
12,625;7,000
12,635;4,000
12,645;5,000
12,655;1,000
12,665;2,000
12,675;2,000
12,685;1,000
12,695;2,000
12,705;4,000
12,715;4,000
12,725;1,000
12,735;1,000
12,745;1,000
12,755;5,000
12,765;2,000
12,775;2,000
12,785;1,000
12,795;0,000
12,805;5,000
12,815;1,000
12,825;1,000
12,835;2,000
12,845;3,000
12,855;0,000
12,865;2,000
12,875;2,000
12,885;1,000
12,895;2,000
12,905;1,000
12,915;1,000
12,925;1,000
12,935;1,000
12,945;1,000
12,955;1,000
12,965;0,000
12,975;2,000
12,985;1,000
12,995;2,000
13,005;0,000
13,015;2,000
13,025;1,000
13,035;3,000
13,045;1,000
13,055;1,000
13,065;1,000
13,075;0,000
13,085;1,000
13,095;1,000
13,105;0,000
13,115;2,000
13,125;2,000
13,135;3,000
13,145;3,000
13,155;2,000
13,165;2,000
13,175;1,000
13,185;3,000
13,195;3,000
13,205;4,000
13,215;0,000
13,225;2,000
13,235;2,000
13,245;2,000
13,255;2,000
13,265;4,000
13,275;2,000
13,285;2,000
13,295;0,000
13,305;1,000
13,315;2,000
13,325;3,000
13,335;0,000
13,345;2,000
13,355;2,000
13,365;0,000
13,375;1,000
13,385;5,000
13,395;1,000
13,405;1,000
13,415;1,000
13,425;3,000
13,435;0,000
13,445;3,000
13,455;0,000
13,465;4,000
13,475;1,000
13,485;3,000
13,495;2,000
13,505;0,000
13,515;0,000
13,525;0,000
13,535;0,000
13,545;1,000
13,555;4,000
13,565;0,000
13,575;2,000
13,585;0,000
13,595;1,000
13,605;0,000
13,615;0,000
13,625;1,000
13,635;0,000
13,645;4,000
13,655;1,000
13,665;4,000
13,675;3,000
13,685;1,000
13,695;4,000
13,705;0,000
13,715;5,000
13,725;1,000
13,735;3,000
13,745;2,000
13,755;3,000
13,765;1,000
13,775;0,000
13,785;1,000
13,795;1,000
13,805;2,000
13,815;0,000
13,825;1,000
13,835;3,000
13,845;4,000
13,855;3,000
13,865;2,000
13,875;2,000
13,885;1,000
13,895;1,000
13,905;0,000
13,915;2,000
13,925;2,000
13,935;0,000
13,945;5,000
13,955;3,000
13,965;1,000
13,975;1,000
13,985;0,000
13,995;3,000
14,005;4,000
14,015;3,000
14,025;2,000
14,035;3,000
14,045;3,000
14,055;1,000
14,065;2,000
14,075;2,000
14,085;0,000
14,095;3,000
14,105;3,000
14,115;2,000
14,125;1,000
14,135;3,000
14,145;1,000
14,155;2,000
14,165;0,000
14,175;5,000
14,185;0,000
14,195;1,000
14,205;3,000
14,215;3,000
14,225;1,000
14,235;1,000
14,245;3,000
14,255;1,000
14,265;1,000
14,275;4,000
14,285;2,000
14,295;3,000
14,305;1,000
14,315;3,000
14,325;3,000
14,335;2,000
14,345;2,000
14,355;2,000
14,365;1,000
14,375;2,000
14,385;0,000
14,395;2,000
14,405;1,000
14,415;2,000
14,425;1,000
14,435;0,000
14,445;2,000
14,455;4,000
14,465;4,000
14,475;3,000
14,485;1,000
14,495;1,000
14,505;0,000
14,515;4,000
14,525;2,000
14,535;1,000
14,545;2,000
14,555;2,000
14,565;0,000
14,575;2,000
14,585;3,000
14,595;1,000
14,605;2,000
14,615;3,000
14,625;3,000
14,635;0,000
14,645;1,000
14,655;3,000
14,665;1,000
14,675;3,000
14,685;0,000
14,695;2,000
14,705;4,000
14,715;1,000
14,725;2,000
14,735;0,000
14,745;1,000
14,755;1,000
14,765;1,000
14,775;2,000
14,785;3,000
14,795;3,000
14,805;2,000
14,815;0,000
14,825;4,000
14,835;0,000
14,845;2,000
14,855;2,000
14,865;1,000
14,875;4,000
14,885;1,000
14,895;0,000
14,905;1,000
14,915;1,000
14,925;1,000
14,935;1,000
14,945;1,000
14,955;2,000
14,965;2,000
14,975;1,000
14,985;0,000
14,995;1,000
15,005;1,000
15,015;2,000
15,025;2,000
15,035;1,000
15,045;0,000
15,055;2,000
15,065;2,000
15,075;1,000
15,085;2,000
15,095;3,000
15,105;0,000
15,115;0,000
15,125;1,000
15,135;0,000
15,145;4,000
15,155;3,000
15,165;0,000
15,175;1,000
15,185;1,000
15,195;1,000
15,205;0,000
15,215;1,000
15,225;0,000
15,235;0,000
15,245;1,000
15,255;1,000
15,265;2,000
15,275;1,000
15,285;6,000
15,295;3,000
15,305;1,000
15,315;4,000
15,325;3,000
15,335;3,000
15,345;3,000
15,355;4,000
15,365;4,000
15,375;3,000
15,385;6,000
15,395;1,000
15,405;4,000
15,415;6,000
15,425;3,000
15,435;3,000
15,445;1,000
15,455;10,000
15,465;2,000
15,475;5,000
15,485;3,000
15,495;3,000
15,505;8,000
15,515;3,000
15,525;3,000
15,535;1,000
15,545;1,000
15,555;5,000
15,565;4,000
15,575;3,000
15,585;3,000
15,595;4,000
15,605;6,000
15,615;5,000
15,625;3,000
15,635;5,000
15,645;2,000
15,655;6,000
15,665;3,000
15,675;5,000
15,685;1,000
15,695;5,000
15,705;4,000
15,715;3,000
15,725;1,000
15,735;5,000
15,745;3,000
15,755;2,000
15,765;4,000
15,775;2,000
15,785;3,000
15,795;3,000
15,805;1,000
15,815;2,000
15,825;2,000
15,835;6,000
15,845;3,000
15,855;3,000
15,865;2,000
15,875;3,000
15,885;0,000
15,895;1,000
15,905;3,000
15,915;1,000
15,925;1,000
15,935;3,000
15,945;3,000
15,955;0,000
15,965;1,000
15,975;3,000
15,985;2,000
15,995;2,000
16,005;0,000
16,015;1,000
16,025;2,000
16,035;0,000
16,045;1,000
16,055;0,000
16,065;1,000
16,075;3,000
16,085;2,000
16,095;0,000
16,105;0,000
16,115;2,000
16,125;0,000
16,135;2,000
16,145;1,000
16,155;1,000
16,165;0,000
16,175;3,000
16,185;3,000
16,195;0,000
16,205;0,000
16,215;2,000
16,225;2,000
16,235;2,000
16,245;0,000
16,255;1,000
16,265;0,000
16,275;0,000
16,285;2,000
16,295;3,000
16,305;2,000
16,315;3,000
16,325;3,000
16,335;1,000
16,345;2,000
16,355;0,000
16,365;2,000
16,375;0,000
16,385;2,000
16,395;1,000
16,405;1,000
16,415;0,000
16,425;2,000
16,435;1,000
16,445;1,000
16,455;0,000
16,465;6,000
16,475;2,000
16,485;1,000
16,495;1,000
16,505;2,000
16,515;3,000
16,525;2,000
16,535;1,000
16,545;2,000
16,555;4,000
16,565;5,000
16,575;9,000
16,585;3,000
16,595;1,000
16,605;3,000
16,615;3,000
16,625;3,000
16,635;4,000
16,645;3,000
16,655;1,000
16,665;6,000
16,675;2,000
16,685;3,000
16,695;3,000
16,705;3,000
16,715;2,000
16,725;3,000
16,735;3,000
16,745;2,000
16,755;4,000
16,765;1,000
16,775;5,000
16,785;3,000
16,795;1,000
16,805;2,000
16,815;3,000
16,825;4,000
16,835;2,000
16,845;0,000
16,855;1,000
16,865;2,000
16,875;2,000
16,885;0,000
16,895;2,000
16,905;6,000
16,915;4,000
16,925;1,000
16,935;1,000
16,945;3,000
16,955;2,000
16,965;0,000
16,975;2,000
16,985;0,000
16,995;1,000
17,005;2,000
17,015;3,000
17,025;0,000
17,035;1,000
17,045;0,000
17,055;1,000
17,065;0,000
17,075;1,000
17,085;1,000
17,095;0,000
17,105;0,000
17,115;1,000
17,125;0,000
17,135;0,000
17,145;0,000
17,155;0,000
17,165;0,000
17,175;0,000
17,185;0,000
17,195;0,000
17,205;1,000
17,215;0,000
17,225;0,000
17,235;0,000
17,245;0,000
17,255;0,000
17,265;0,000
17,275;0,000
17,285;0,000
17,295;0,000
17,305;0,000
17,315;0,000
17,325;0,000
17,335;0,000
17,345;0,000
17,355;0,000
17,365;0,000
17,375;0,000
17,385;0,000
17,395;0,000
17,405;0,000
17,415;0,000
17,425;0,000
17,435;0,000
17,445;0,000
17,455;0,000
17,465;0,000
17,475;0,000
17,485;0,000
17,495;0,000
17,505;0,000
17,515;0,000
17,525;0,000
17,535;0,000
17,545;0,000
17,555;0,000
17,565;0,000
17,575;0,000
17,585;0,000
17,595;0,000
17,605;0,000
17,615;0,000
17,625;0,000
17,635;0,000
17,645;0,000
17,655;0,000
17,665;0,000
17,675;0,000
17,685;0,000
17,695;0,000
17,705;0,000
17,715;0,000
17,725;0,000
17,735;0,000
17,745;0,000
17,755;0,000
17,765;0,000
17,775;0,000
17,785;0,000
17,795;0,000
17,805;0,000
17,815;0,000
17,825;0,000
17,835;0,000
17,845;0,000
17,855;0,000
17,865;0,000
17,875;1,000
17,885;0,000
17,895;0,000
17,905;0,000
17,915;0,000
17,925;0,000
17,935;0,000
17,945;1,000
17,955;0,000
17,965;0,000
17,975;0,000
17,985;0,000
17,995;0,000
18,005;0,000
18,015;0,000
18,025;0,000
18,035;0,000
18,045;0,000
18,055;0,000
18,065;0,000
18,075;0,000
18,085;0,000
18,095;0,000
18,105;0,000
18,115;0,000
18,125;0,000
18,135;0,000
18,145;0,000
18,155;0,000
18,165;0,000
18,175;0,000
18,185;0,000
18,195;0,000
18,205;0,000
18,215;0,000
18,225;0,000
18,235;0,000
18,245;0,000
18,255;0,000
18,265;0,000
18,275;0,000
18,285;0,000
18,295;0,000
18,305;0,000
18,315;0,000
18,325;1,000
18,335;0,000
18,345;0,000
18,355;0,000
18,365;0,000
18,375;0,000
18,385;0,000
18,395;0,000
18,405;0,000
18,415;0,000
18,425;0,000
18,435;0,000
18,445;0,000
18,455;0,000
18,465;0,000
18,475;0,000
18,485;1,000
18,495;0,000
18,505;0,000
18,515;0,000
18,525;0,000
18,535;0,000
18,545;0,000
18,555;0,000
18,565;0,000
18,575;0,000
18,585;0,000
18,595;0,000
18,605;0,000
18,615;0,000
18,625;0,000
18,635;0,000
18,645;0,000
18,655;0,000
18,665;0,000
18,675;0,000
18,685;0,000
18,695;0,000
18,705;0,000
18,715;0,000
18,725;0,000
18,735;0,000
18,745;0,000
18,755;0,000
18,765;0,000
18,775;0,000
18,785;0,000
18,795;0,000
18,805;0,000
18,815;0,000
18,825;0,000
18,835;0,000
18,845;0,000
18,855;0,000
18,865;0,000
18,875;0,000
18,885;0,000
18,895;0,000
18,905;0,000
18,915;0,000
18,925;0,000
18,935;0,000
18,945;0,000
18,955;0,000
18,965;0,000
18,975;0,000
18,985;0,000
18,995;0,000
19,005;0,000
19,015;0,000
19,025;0,000
19,035;0,000
19,045;0,000
19,055;0,000
19,065;0,000
19,075;0,000
19,085;0,000
19,095;0,000
19,105;0,000
19,115;0,000
19,125;0,000
19,135;0,000
19,145;0,000
19,155;0,000
19,165;0,000
19,175;0,000
19,185;0,000
19,195;1,000
19,205;0,000
19,215;0,000
19,225;0,000
19,235;0,000
19,245;0,000
19,255;0,000
19,265;0,000
19,275;0,000
19,285;0,000
19,295;1,000
19,305;0,000
19,315;0,000
19,325;0,000
19,335;0,000
19,345;1,000
19,355;0,000
19,365;0,000
19,375;0,000
19,385;0,000
19,395;0,000
19,405;0,000
19,415;1,000
19,425;0,000
19,435;0,000
19,445;0,000
19,455;0,000
19,465;0,000
19,475;0,000
19,485;0,000
19,495;0,000
19,505;0,000
19,515;0,000
19,525;0,000
19,535;0,000
19,545;0,000
19,555;0,000
19,565;0,000
19,575;0,000
19,585;0,000
19,595;0,000
19,605;0,000
19,615;0,000
19,625;0,000
19,635;0,000
19,645;0,000
19,655;0,000
19,665;0,000
19,675;0,000
19,685;0,000
19,695;0,000
19,705;0,000
19,715;0,000
19,725;0,000
19,735;0,000
19,745;0,000
19,755;0,000
19,765;0,000
19,775;0,000
19,785;0,000
19,795;0,000
19,805;0,000
19,815;0,000
19,825;0,000
19,835;0,000
19,845;0,000
19,855;0,000
19,865;0,000
19,875;0,000
19,885;0,000
19,895;0,000
19,905;0,000
19,915;1,000
19,925;108,000
19,935;0,000
19,945;0,000
19,955;0,000
19,965;0,000
19,975;0,000
19,985;0,000
19,995;41,000
