0,005;0,000
0,015;0,000
0,025;0,000
0,035;0,000
0,045;0,000
0,055;0,000
0,065;0,000
0,075;0,000
0,085;0,000
0,095;0,000
0,105;0,000
0,115;0,000
0,125;0,000
0,135;0,000
0,145;0,000
0,155;0,000
0,165;0,000
0,175;0,000
0,185;0,000
0,195;0,000
0,205;0,000
0,215;0,000
0,225;0,000
0,235;0,000
0,245;0,000
0,255;0,000
0,265;0,000
0,275;0,000
0,285;0,000
0,295;0,000
0,305;0,000
0,315;0,000
0,325;0,000
0,335;0,000
0,345;0,000
0,355;0,000
0,365;0,000
0,375;0,000
0,385;0,000
0,395;0,000
0,405;0,000
0,415;0,000
0,425;0,000
0,435;0,000
0,445;0,000
0,455;0,000
0,465;0,000
0,475;0,000
0,485;0,000
0,495;0,000
0,505;0,000
0,515;0,000
0,525;0,000
0,535;0,000
0,545;0,000
0,555;0,000
0,565;0,000
0,575;0,000
0,585;0,000
0,595;0,000
0,605;0,000
0,615;0,000
0,625;0,000
0,635;0,000
0,645;0,000
0,655;0,000
0,665;0,000
0,675;0,000
0,685;0,000
0,695;0,000
0,705;0,000
0,715;0,000
0,725;0,000
0,735;0,000
0,745;0,000
0,755;0,000
0,765;0,000
0,775;0,000
0,785;0,000
0,795;0,000
0,805;0,000
0,815;0,000
0,825;0,000
0,835;0,000
0,845;0,000
0,855;0,000
0,865;0,000
0,875;0,000
0,885;0,000
0,895;0,000
0,905;0,000
0,915;0,000
0,925;0,000
0,935;0,000
0,945;0,000
0,955;0,000
0,965;0,000
0,975;0,000
0,985;0,000
0,995;0,000
1,005;0,000
1,015;0,000
1,025;0,000
1,035;0,000
1,045;0,000
1,055;0,000
1,065;0,000
1,075;0,000
1,085;0,000
1,095;0,000
1,105;0,000
1,115;0,000
1,125;0,000
1,135;0,000
1,145;0,000
1,155;0,000
1,165;0,000
1,175;0,000
1,185;0,000
1,195;0,000
1,205;0,000
1,215;0,000
1,225;0,000
1,235;0,000
1,245;0,000
1,255;0,000
1,265;0,000
1,275;0,000
1,285;0,000
1,295;0,000
1,305;0,000
1,315;0,000
1,325;0,000
1,335;0,000
1,345;0,000
1,355;0,000
1,365;0,000
1,375;0,000
1,385;0,000
1,395;0,000
1,405;0,000
1,415;0,000
1,425;0,000
1,435;0,000
1,445;0,000
1,455;1,000
1,465;4,000
1,475;25,000
1,485;67,000
1,495;141,000
1,505;219,000
1,515;205,000
1,525;217,000
1,535;188,000
1,545;210,000
1,555;232,000
1,565;201,000
1,575;199,000
1,585;188,000
1,595;207,000
1,605;190,000
1,615;239,000
1,625;171,000
1,635;208,000
1,645;220,000
1,655;182,000
1,665;178,000
1,675;203,000
1,685;200,000
1,695;183,000
1,705;201,000
1,715;186,000
1,725;187,000
1,735;186,000
1,745;196,000
1,755;193,000
1,765;185,000
1,775;190,000
1,785;224,000
1,795;201,000
1,805;168,000
1,815;213,000
1,825;201,000
1,835;192,000
1,845;187,000
1,855;202,000
1,865;178,000
1,875;220,000
1,885;164,000
1,895;179,000
1,905;192,000
1,915;185,000
1,925;172,000
1,935;187,000
1,945;187,000
1,955;177,000
1,965;212,000
1,975;178,000
1,985;194,000
1,995;180,000
2,005;178,000
2,015;187,000
2,025;171,000
2,035;213,000
2,045;179,000
2,055;198,000
2,065;169,000
2,075;176,000
2,085;200,000
2,095;201,000
2,105;168,000
2,115;177,000
2,125;183,000
2,135;175,000
2,145;183,000
2,155;160,000
2,165;181,000
2,175;178,000
2,185;147,000
2,195;190,000
2,205;188,000
2,215;181,000
2,225;158,000
2,235;161,000
2,245;198,000
2,255;158,000
2,265;168,000
2,275;164,000
2,285;175,000
2,295;174,000
2,305;162,000
2,315;171,000
2,325;164,000
2,335;145,000
2,345;159,000
2,355;167,000
2,365;156,000
2,375;168,000
2,385;153,000
2,395;142,000
2,405;152,000
2,415;170,000
2,425;159,000
2,435;161,000
2,445;149,000
2,455;146,000
2,465;172,000
2,475;149,000
2,485;143,000
2,495;154,000
2,505;140,000
2,515;139,000
2,525;148,000
2,535;139,000
2,545;164,000
2,555;159,000
2,565;151,000
2,575;156,000
2,585;143,000
2,595;146,000
2,605;147,000
2,615;143,000
2,625;129,000
2,635;123,000
2,645;149,000
2,655;133,000
2,665;139,000
2,675;136,000
2,685;159,000
2,695;124,000
2,705;112,000
2,715;121,000
2,725;139,000
2,735;140,000
2,745;142,000
2,755;136,000
2,765;143,000
2,775;132,000
2,785;148,000
2,795;157,000
2,805;143,000
2,815;135,000
2,825;141,000
2,835;127,000
2,845;132,000
2,855;135,000
2,865;141,000
2,875;129,000
2,885;134,000
2,895;133,000
2,905;153,000
2,915;155,000
2,925;126,000
2,935;139,000
2,945;125,000
2,955;129,000
2,965;141,000
2,975;127,000
2,985;129,000
2,995;140,000
3,005;115,000
3,015;122,000
3,025;127,000
3,035;124,000
3,045;123,000
3,055;142,000
3,065;141,000
3,075;131,000
3,085;121,000
3,095;120,000
3,105;125,000
3,115;117,000
3,125;130,000
3,135;119,000
3,145;139,000
3,155;126,000
3,165;115,000
3,175;110,000
3,185;110,000
3,195;129,000
3,205;137,000
3,215;121,000
3,225;126,000
3,235;135,000
3,245;125,000
3,255;111,000
3,265;114,000
3,275;93,000
3,285;126,000
3,295;134,000
3,305;86,000
3,315;121,000
3,325;133,000
3,335;119,000
3,345;107,000
3,355;140,000
3,365;130,000
3,375;111,000
3,385;129,000
3,395;108,000
3,405;122,000
3,415;113,000
3,425;95,000
3,435;109,000
3,445;118,000
3,455;121,000
3,465;115,000
3,475;111,000
3,485;111,000
3,495;102,000
3,505;115,000
3,515;104,000
3,525;120,000
3,535;112,000
3,545;115,000
3,555;102,000
3,565;112,000
3,575;92,000
3,585;120,000
3,595;103,000
3,605;93,000
3,615;125,000
3,625;106,000
3,635;112,000
3,645;121,000
3,655;106,000
3,665;110,000
3,675;104,000
3,685;90,000
3,695;106,000
3,705;107,000
3,715;127,000
3,725;107,000
3,735;105,000
3,745;103,000
3,755;101,000
3,765;103,000
3,775;86,000
3,785;85,000
3,795;119,000
3,805;110,000
3,815;105,000
3,825;109,000
3,835;103,000
3,845;114,000
3,855;107,000
3,865;110,000
3,875;106,000
3,885;109,000
3,895;96,000
3,905;112,000
3,915;111,000
3,925;114,000
3,935;95,000
3,945;105,000
3,955;80,000
3,965;103,000
3,975;111,000
3,985;118,000
3,995;118,000
4,005;114,000
4,015;95,000
4,025;110,000
4,035;95,000
4,045;93,000
4,055;85,000
4,065;96,000
4,075;106,000
4,085;98,000
4,095;97,000
4,105;98,000
4,115;93,000
4,125;104,000
4,135;101,000
4,145;105,000
4,155;117,000
4,165;100,000
4,175;86,000
4,185;104,000
4,195;92,000
4,205;107,000
4,215;127,000
4,225;93,000
4,235;104,000
4,245;89,000
4,255;102,000
4,265;101,000
4,275;115,000
4,285;107,000
4,295;88,000
4,305;104,000
4,315;113,000
4,325;92,000
4,335;98,000
4,345;102,000
4,355;95,000
4,365;125,000
4,375;98,000
4,385;98,000
4,395;88,000
4,405;124,000
4,415;90,000
4,425;91,000
4,435;111,000
4,445;105,000
4,455;102,000
4,465;108,000
4,475;101,000
4,485;119,000
4,495;118,000
4,505;101,000
4,515;102,000
4,525;114,000
4,535;108,000
4,545;100,000
4,555;102,000
4,565;103,000
4,575;101,000
4,585;93,000
4,595;92,000
4,605;93,000
4,615;97,000
4,625;108,000
4,635;93,000
4,645;95,000
4,655;101,000
4,665;106,000
4,675;98,000
4,685;96,000
4,695;107,000
4,705;110,000
4,715;98,000
4,725;88,000
4,735;113,000
4,745;89,000
4,755;98,000
4,765;100,000
4,775;105,000
4,785;101,000
4,795;105,000
4,805;104,000
4,815;106,000
4,825;106,000
4,835;98,000
4,845;106,000
4,855;87,000
4,865;100,000
4,875;92,000
4,885;84,000
4,895;92,000
4,905;110,000
4,915;101,000
4,925;102,000
4,935;85,000
4,945;103,000
4,955;95,000
4,965;102,000
4,975;93,000
4,985;99,000
4,995;99,000
5,005;97,000
5,015;90,000
5,025;92,000
5,035;100,000
5,045;96,000
5,055;96,000
5,065;117,000
5,075;87,000
5,085;105,000
5,095;85,000
5,105;85,000
5,115;82,000
5,125;94,000
5,135;83,000
5,145;102,000
5,155;101,000
5,165;108,000
5,175;95,000
5,185;98,000
5,195;95,000
5,205;120,000
5,215;95,000
5,225;91,000
5,235;121,000
5,245;99,000
5,255;94,000
5,265;83,000
5,275;98,000
5,285;97,000
5,295;89,000
5,305;93,000
5,315;97,000
5,325;87,000
5,335;108,000
5,345;77,000
5,355;91,000
5,365;91,000
5,375;93,000
5,385;94,000
5,395;89,000
5,405;92,000
5,415;90,000
5,425;84,000
5,435;98,000
5,445;83,000
5,455;111,000
5,465;90,000
5,475;94,000
5,485;99,000
5,495;78,000
5,505;84,000
5,515;90,000
5,525;84,000
5,535;85,000
5,545;79,000
5,555;83,000
5,565;106,000
5,575;85,000
5,585;91,000
5,595;92,000
5,605;73,000
5,615;84,000
5,625;84,000
5,635;104,000
5,645;72,000
5,655;83,000
5,665;102,000
5,675;87,000
5,685;90,000
5,695;90,000
5,705;79,000
5,715;88,000
5,725;84,000
5,735;104,000
5,745;101,000
5,755;80,000
5,765;85,000
5,775;94,000
5,785;89,000
5,795;80,000
5,805;80,000
5,815;69,000
5,825;83,000
5,835;75,000
5,845;72,000
5,855;92,000
5,865;85,000
5,875;94,000
5,885;93,000
5,895;95,000
5,905;77,000
5,915;87,000
5,925;83,000
5,935;74,000
5,945;99,000
5,955;87,000
5,965;73,000
5,975;107,000
5,985;101,000
5,995;88,000
6,005;92,000
6,015;83,000
6,025;73,000
6,035;71,000
6,045;88,000
6,055;88,000
6,065;84,000
6,075;98,000
6,085;93,000
6,095;82,000
6,105;100,000
6,115;86,000
6,125;103,000
6,135;85,000
6,145;89,000
6,155;96,000
6,165;84,000
6,175;68,000
6,185;87,000
6,195;92,000
6,205;99,000
6,215;85,000
6,225;97,000
6,235;95,000
6,245;88,000
6,255;81,000
6,265;78,000
6,275;97,000
6,285;97,000
6,295;101,000
6,305;85,000
6,315;78,000
6,325;61,000
6,335;88,000
6,345;75,000
6,355;84,000
6,365;77,000
6,375;73,000
6,385;91,000
6,395;90,000
6,405;84,000
6,415;88,000
6,425;76,000
6,435;85,000
6,445;71,000
6,455;91,000
6,465;72,000
6,475;92,000
6,485;85,000
6,495;90,000
6,505;71,000
6,515;73,000
6,525;83,000
6,535;99,000
6,545;105,000
6,555;92,000
6,565;75,000
6,575;95,000
6,585;84,000
6,595;72,000
6,605;72,000
6,615;86,000
6,625;82,000
6,635;93,000
6,645;89,000
6,655;86,000
6,665;95,000
6,675;101,000
6,685;97,000
6,695;83,000
6,705;81,000
6,715;81,000
6,725;76,000
6,735;88,000
6,745;92,000
6,755;96,000
6,765;79,000
6,775;79,000
6,785;71,000
6,795;93,000
6,805;85,000
6,815;77,000
6,825;96,000
6,835;97,000
6,845;81,000
6,855;101,000
6,865;95,000
6,875;78,000
6,885;84,000
6,895;94,000
6,905;76,000
6,915;66,000
6,925;88,000
6,935;87,000
6,945;74,000
6,955;86,000
6,965;88,000
6,975;97,000
6,985;83,000
6,995;84,000
7,005;91,000
7,015;80,000
7,025;107,000
7,035;81,000
7,045;90,000
7,055;81,000
7,065;81,000
7,075;92,000
7,085;78,000
7,095;86,000
7,105;85,000
7,115;82,000
7,125;83,000
7,135;86,000
7,145;86,000
7,155;93,000
7,165;100,000
7,175;93,000
7,185;76,000
7,195;86,000
7,205;83,000
7,215;60,000
7,225;94,000
7,235;84,000
7,245;88,000
7,255;97,000
7,265;86,000
7,275;86,000
7,285;97,000
7,295;70,000
7,305;84,000
7,315;66,000
7,325;82,000
7,335;91,000
7,345;104,000
7,355;82,000
7,365;96,000
7,375;82,000
7,385;83,000
7,395;90,000
7,405;89,000
7,415;99,000
7,425;88,000
7,435;82,000
7,445;92,000
7,455;91,000
7,465;86,000
7,475;94,000
7,485;80,000
7,495;84,000
7,505;80,000
7,515;103,000
7,525;97,000
7,535;75,000
7,545;76,000
7,555;89,000
7,565;91,000
7,575;82,000
7,585;93,000
7,595;76,000
7,605;80,000
7,615;81,000
7,625;70,000
7,635;79,000
7,645;82,000
7,655;88,000
7,665;86,000
7,675;79,000
7,685;87,000
7,695;99,000
7,705;91,000
7,715;86,000
7,725;79,000
7,735;74,000
7,745;97,000
7,755;83,000
7,765;79,000
7,775;87,000
7,785;90,000
7,795;84,000
7,805;81,000
7,815;72,000
7,825;66,000
7,835;80,000
7,845;90,000
7,855;74,000
7,865;76,000
7,875;85,000
7,885;74,000
7,895;87,000
7,905;88,000
7,915;81,000
7,925;91,000
7,935;78,000
7,945;87,000
7,955;84,000
7,965;81,000
7,975;86,000
7,985;77,000
7,995;81,000
8,005;73,000
8,015;94,000
8,025;92,000
8,035;72,000
8,045;70,000
8,055;71,000
8,065;67,000
8,075;71,000
8,085;77,000
8,095;93,000
8,105;78,000
8,115;65,000
8,125;70,000
8,135;67,000
8,145;75,000
8,155;59,000
8,165;88,000
8,175;81,000
8,185;73,000
8,195;63,000
8,205;76,000
8,215;66,000
8,225;79,000
8,235;66,000
8,245;76,000
8,255;57,000
8,265;76,000
8,275;71,000
8,285;68,000
8,295;70,000
8,305;64,000
8,315;66,000
8,325;70,000
8,335;58,000
8,345;84,000
8,355;65,000
8,365;48,000
8,375;77,000
8,385;63,000
8,395;76,000
8,405;66,000
8,415;71,000
8,425;59,000
8,435;62,000
8,445;70,000
8,455;61,000
8,465;53,000
8,475;72,000
8,485;61,000
8,495;61,000
8,505;63,000
8,515;55,000
8,525;64,000
8,535;74,000
8,545;46,000
8,555;62,000
8,565;78,000
8,575;51,000
8,585;70,000
8,595;76,000
8,605;69,000
8,615;78,000
8,625;59,000
8,635;64,000
8,645;55,000
8,655;68,000
8,665;76,000
8,675;74,000
8,685;73,000
8,695;41,000
8,705;58,000
8,715;75,000
8,725;55,000
8,735;74,000
8,745;52,000
8,755;52,000
8,765;67,000
8,775;68,000
8,785;69,000
8,795;62,000
8,805;53,000
8,815;58,000
8,825;66,000
8,835;73,000
8,845;68,000
8,855;41,000
8,865;56,000
8,875;42,000
8,885;66,000
8,895;45,000
8,905;57,000
8,915;53,000
8,925;57,000
8,935;62,000
8,945;55,000
8,955;62,000
8,965;42,000
8,975;63,000
8,985;45,000
8,995;62,000
9,005;65,000
9,015;55,000
9,025;41,000
9,035;58,000
9,045;55,000
9,055;76,000
9,065;49,000
9,075;64,000
9,085;73,000
9,095;53,000
9,105;48,000
9,115;60,000
9,125;53,000
9,135;61,000
9,145;54,000
9,155;64,000
9,165;63,000
9,175;68,000
9,185;57,000
9,195;54,000
9,205;73,000
9,215;68,000
9,225;67,000
9,235;64,000
9,245;58,000
9,255;67,000
9,265;83,000
9,275;56,000
9,285;68,000
9,295;67,000
9,305;70,000
9,315;62,000
9,325;64,000
9,335;61,000
9,345;86,000
9,355;60,000
9,365;63,000
9,375;72,000
9,385;58,000
9,395;77,000
9,405;91,000
9,415;89,000
9,425;84,000
9,435;76,000
9,445;91,000
9,455;110,000
9,465;96,000
9,475;107,000
9,485;110,000
9,495;104,000
9,505;109,000
9,515;100,000
9,525;107,000
9,535;130,000
9,545;123,000
9,555;110,000
9,565;132,000
9,575;144,000
9,585;135,000
9,595;130,000
9,605;135,000
9,615;138,000
9,625;144,000
9,635;163,000
9,645;171,000
9,655;159,000
9,665;180,000
9,675;156,000
9,685;170,000
9,695;177,000
9,705;163,000
9,715;161,000
9,725;167,000
9,735;176,000
9,745;189,000
9,755;205,000
9,765;210,000
9,775;189,000
9,785;166,000
9,795;192,000
9,805;178,000
9,815;163,000
9,825;179,000
9,835;187,000
9,845;214,000
9,855;194,000
9,865;162,000
9,875;171,000
9,885;193,000
9,895;173,000
9,905;177,000
9,915;204,000
9,925;203,000
9,935;170,000
9,945;165,000
9,955;148,000
9,965;179,000
9,975;159,000
9,985;142,000
9,995;143,000
10,005;126,000
10,015;153,000
10,025;139,000
10,035;127,000
10,045;124,000
10,055;152,000
10,065;141,000
10,075;114,000
10,085;109,000
10,095;126,000
10,105;117,000
10,115;113,000
10,125;122,000
10,135;86,000
10,145;106,000
10,155;85,000
10,165;87,000
10,175;89,000
10,185;76,000
10,195;80,000
10,205;76,000
10,215;77,000
10,225;69,000
10,235;85,000
10,245;55,000
10,255;53,000
10,265;61,000
10,275;55,000
10,285;49,000
10,295;50,000
10,305;45,000
10,315;49,000
10,325;53,000
10,335;45,000
10,345;41,000
10,355;59,000
10,365;48,000
10,375;56,000
10,385;33,000
10,395;43,000
10,405;43,000
10,415;62,000
10,425;49,000
10,435;44,000
10,445;51,000
10,455;34,000
10,465;31,000
10,475;36,000
10,485;47,000
10,495;35,000
10,505;41,000
10,515;50,000
10,525;52,000
10,535;40,000
10,545;48,000
10,555;42,000
10,565;53,000
10,575;46,000
10,585;54,000
10,595;53,000
10,605;51,000
10,615;54,000
10,625;52,000
10,635;67,000
10,645;65,000
10,655;86,000
10,665;62,000
10,675;82,000
10,685;90,000
10,695;89,000
10,705;77,000
10,715;55,000
10,725;80,000
10,735;84,000
10,745;114,000
10,755;84,000
10,765;97,000
10,775;82,000
10,785;99,000
10,795;121,000
10,805;120,000
10,815;106,000
10,825;107,000
10,835;128,000
10,845;129,000
10,855;102,000
10,865;129,000
10,875;118,000
10,885;150,000
10,895;142,000
10,905;136,000
10,915;135,000
10,925;129,000
10,935;151,000
10,945;138,000
10,955;154,000
10,965;146,000
10,975;161,000
10,985;147,000
10,995;137,000
11,005;161,000
11,015;157,000
11,025;136,000
11,035;139,000
11,045;153,000
11,055;135,000
11,065;143,000
11,075;138,000
11,085;135,000
11,095;148,000
11,105;131,000
11,115;138,000
11,125;155,000
11,135;125,000
11,145;137,000
11,155;133,000
11,165;156,000
11,175;128,000
11,185;127,000
11,195;145,000
11,205;105,000
11,215;129,000
11,225;118,000
11,235;125,000
11,245;93,000
11,255;103,000
11,265;119,000
11,275;97,000
11,285;110,000
11,295;97,000
11,305;83,000
11,315;86,000
11,325;84,000
11,335;80,000
11,345;83,000
11,355;66,000
11,365;72,000
11,375;81,000
11,385;74,000
11,395;82,000
11,405;56,000
11,415;58,000
11,425;54,000
11,435;55,000
11,445;45,000
11,455;49,000
11,465;33,000
11,475;48,000
11,485;44,000
11,495;33,000
11,505;42,000
11,515;40,000
11,525;46,000
11,535;36,000
11,545;28,000
11,555;27,000
11,565;22,000
11,575;29,000
11,585;23,000
11,595;32,000
11,605;25,000
11,615;33,000
11,625;31,000
11,635;25,000
11,645;29,000
11,655;21,000
11,665;22,000
11,675;27,000
11,685;26,000
11,695;19,000
11,705;19,000
11,715;13,000
11,725;21,000
11,735;11,000
11,745;18,000
11,755;15,000
11,765;9,000
11,775;18,000
11,785;16,000
11,795;21,000
11,805;12,000
11,815;17,000
11,825;12,000
11,835;15,000
11,845;11,000
11,855;15,000
11,865;16,000
11,875;12,000
11,885;18,000
11,895;12,000
11,905;12,000
11,915;11,000
11,925;13,000
11,935;11,000
11,945;12,000
11,955;11,000
11,965;10,000
11,975;5,000
11,985;12,000
11,995;14,000
12,005;12,000
12,015;14,000
12,025;13,000
12,035;10,000
12,045;9,000
12,055;6,000
12,065;17,000
12,075;9,000
12,085;8,000
12,095;7,000
12,105;7,000
12,115;11,000
12,125;4,000
12,135;5,000
12,145;11,000
12,155;7,000
12,165;7,000
12,175;6,000
12,185;7,000
12,195;4,000
12,205;7,000
12,215;8,000
12,225;9,000
12,235;4,000
12,245;12,000
12,255;7,000
12,265;10,000
12,275;7,000
12,285;6,000
12,295;9,000
12,305;10,000
12,315;7,000
12,325;5,000
12,335;7,000
12,345;5,000
12,355;7,000
12,365;4,000
12,375;8,000
12,385;1,000
12,395;4,000
12,405;3,000
12,415;3,000
12,425;1,000
12,435;3,000
12,445;10,000
12,455;4,000
12,465;3,000
12,475;3,000
12,485;0,000
12,495;5,000
12,505;2,000
12,515;2,000
12,525;2,000
12,535;4,000
12,545;4,000
12,555;0,000
12,565;3,000
12,575;2,000
12,585;1,000
12,595;2,000
12,605;2,000
12,615;5,000
12,625;3,000
12,635;5,000
12,645;3,000
12,655;2,000
12,665;3,000
12,675;2,000
12,685;3,000
12,695;1,000
12,705;1,000
12,715;2,000
12,725;4,000
12,735;3,000
12,745;0,000
12,755;1,000
12,765;1,000
12,775;3,000
12,785;5,000
12,795;3,000
12,805;2,000
12,815;1,000
12,825;1,000
12,835;2,000
12,845;2,000
12,855;3,000
12,865;1,000
12,875;3,000
12,885;0,000
12,895;1,000
12,905;2,000
12,915;1,000
12,925;2,000
12,935;0,000
12,945;2,000
12,955;1,000
12,965;0,000
12,975;2,000
12,985;3,000
12,995;2,000
13,005;1,000
13,015;0,000
13,025;4,000
13,035;3,000
13,045;1,000
13,055;2,000
13,065;5,000
13,075;2,000
13,085;2,000
13,095;3,000
13,105;4,000
13,115;1,000
13,125;2,000
13,135;1,000
13,145;1,000
13,155;1,000
13,165;1,000
13,175;1,000
13,185;4,000
13,195;0,000
13,205;0,000
13,215;2,000
13,225;2,000
13,235;1,000
13,245;2,000
13,255;1,000
13,265;1,000
13,275;1,000
13,285;3,000
13,295;1,000
13,305;1,000
13,315;4,000
13,325;0,000
13,335;1,000
13,345;0,000
13,355;0,000
13,365;0,000
13,375;2,000
13,385;1,000
13,395;6,000
13,405;1,000
13,415;4,000
13,425;4,000
13,435;1,000
13,445;1,000
13,455;1,000
13,465;1,000
13,475;1,000
13,485;2,000
13,495;2,000
13,505;2,000
13,515;0,000
13,525;1,000
13,535;3,000
13,545;2,000
13,555;0,000
13,565;2,000
13,575;7,000
13,585;2,000
13,595;2,000
13,605;4,000
13,615;3,000
13,625;1,000
13,635;0,000
13,645;0,000
13,655;2,000
13,665;0,000
13,675;3,000
13,685;0,000
13,695;2,000
13,705;1,000
13,715;0,000
13,725;0,000
13,735;5,000
13,745;0,000
13,755;1,000
13,765;3,000
13,775;3,000
13,785;1,000
13,795;0,000
13,805;0,000
13,815;1,000
13,825;3,000
13,835;2,000
13,845;2,000
13,855;0,000
13,865;1,000
13,875;2,000
13,885;3,000
13,895;2,000
13,905;1,000
13,915;0,000
13,925;1,000
13,935;1,000
13,945;2,000
13,955;1,000
13,965;0,000
13,975;0,000
13,985;2,000
13,995;2,000
14,005;0,000
14,015;4,000
14,025;3,000
14,035;0,000
14,045;4,000
14,055;1,000
14,065;0,000
14,075;3,000
14,085;1,000
14,095;2,000
14,105;2,000
14,115;2,000
14,125;1,000
14,135;0,000
14,145;4,000
14,155;1,000
14,165;3,000
14,175;4,000
14,185;2,000
14,195;3,000
14,205;4,000
14,215;1,000
14,225;1,000
14,235;0,000
14,245;1,000
14,255;3,000
14,265;2,000
14,275;0,000
14,285;2,000
14,295;1,000
14,305;1,000
14,315;2,000
14,325;1,000
14,335;1,000
14,345;0,000
14,355;2,000
14,365;1,000
14,375;3,000
14,385;3,000
14,395;1,000
14,405;2,000
14,415;1,000
14,425;0,000
14,435;1,000
14,445;3,000
14,455;1,000
14,465;2,000
14,475;3,000
14,485;2,000
14,495;2,000
14,505;0,000
14,515;1,000
14,525;2,000
14,535;1,000
14,545;1,000
14,555;2,000
14,565;0,000
14,575;1,000
14,585;1,000
14,595;1,000
14,605;1,000
14,615;3,000
14,625;1,000
14,635;0,000
14,645;3,000
14,655;5,000
14,665;3,000
14,675;2,000
14,685;3,000
14,695;0,000
14,705;0,000
14,715;0,000
14,725;1,000
14,735;2,000
14,745;3,000
14,755;1,000
14,765;0,000
14,775;1,000
14,785;0,000
14,795;2,000
14,805;3,000
14,815;1,000
14,825;1,000
14,835;0,000
14,845;1,000
14,855;1,000
14,865;1,000
14,875;1,000
14,885;0,000
14,895;1,000
14,905;1,000
14,915;5,000
14,925;2,000
14,935;0,000
14,945;1,000
14,955;1,000
14,965;0,000
14,975;4,000
14,985;1,000
14,995;2,000
15,005;1,000
15,015;0,000
15,025;1,000
15,035;1,000
15,045;1,000
15,055;1,000
15,065;0,000
15,075;2,000
15,085;1,000
15,095;1,000
15,105;2,000
15,115;0,000
15,125;1,000
15,135;0,000
15,145;1,000
15,155;2,000
15,165;4,000
15,175;0,000
15,185;1,000
15,195;3,000
15,205;1,000
15,215;1,000
15,225;3,000
15,235;1,000
15,245;4,000
15,255;1,000
15,265;2,000
15,275;1,000
15,285;2,000
15,295;1,000
15,305;2,000
15,315;0,000
15,325;1,000
15,335;2,000
15,345;1,000
15,355;3,000
15,365;2,000
15,375;5,000
15,385;3,000
15,395;6,000
15,405;2,000
15,415;4,000
15,425;5,000
15,435;4,000
15,445;5,000
15,455;1,000
15,465;1,000
15,475;6,000
15,485;4,000
15,495;4,000
15,505;8,000
15,515;3,000
15,525;3,000
15,535;1,000
15,545;4,000
15,555;5,000
15,565;8,000
15,575;5,000
15,585;4,000
15,595;3,000
15,605;7,000
15,615;2,000
15,625;4,000
15,635;5,000
15,645;9,000
15,655;8,000
15,665;8,000
15,675;6,000
15,685;4,000
15,695;4,000
15,705;3,000
15,715;4,000
15,725;5,000
15,735;2,000
15,745;1,000
15,755;4,000
15,765;2,000
15,775;5,000
15,785;2,000
15,795;4,000
15,805;6,000
15,815;3,000
15,825;5,000
15,835;2,000
15,845;3,000
15,855;5,000
15,865;1,000
15,875;2,000
15,885;1,000
15,895;3,000
15,905;3,000
15,915;4,000
15,925;7,000
15,935;4,000
15,945;3,000
15,955;1,000
15,965;0,000
15,975;5,000
15,985;2,000
15,995;1,000
16,005;1,000
16,015;5,000
16,025;3,000
16,035;2,000
16,045;3,000
16,055;0,000
16,065;1,000
16,075;2,000
16,085;1,000
16,095;1,000
16,105;2,000
16,115;1,000
16,125;2,000
16,135;2,000
16,145;1,000
16,155;1,000
16,165;2,000
16,175;2,000
16,185;0,000
16,195;1,000
16,205;1,000
16,215;4,000
16,225;0,000
16,235;0,000
16,245;5,000
16,255;0,000
16,265;0,000
16,275;2,000
16,285;0,000
16,295;1,000
16,305;0,000
16,315;0,000
16,325;1,000
16,335;1,000
16,345;1,000
16,355;1,000
16,365;1,000
16,375;5,000
16,385;1,000
16,395;1,000
16,405;1,000
16,415;3,000
16,425;3,000
16,435;2,000
16,445;0,000
16,455;3,000
16,465;3,000
16,475;0,000
16,485;2,000
16,495;2,000
16,505;3,000
16,515;2,000
16,525;2,000
16,535;2,000
16,545;6,000
16,555;3,000
16,565;2,000
16,575;1,000
16,585;3,000
16,595;4,000
16,605;5,000
16,615;2,000
16,625;5,000
16,635;0,000
16,645;4,000
16,655;4,000
16,665;2,000
16,675;3,000
16,685;5,000
16,695;4,000
16,705;3,000
16,715;1,000
16,725;3,000
16,735;3,000
16,745;1,000
16,755;4,000
16,765;4,000
16,775;2,000
16,785;0,000
16,795;3,000
16,805;2,000
16,815;0,000
16,825;4,000
16,835;5,000
16,845;2,000
16,855;1,000
16,865;4,000
16,875;0,000
16,885;2,000
16,895;0,000
16,905;1,000
16,915;4,000
16,925;0,000
16,935;0,000
16,945;0,000
16,955;1,000
16,965;0,000
16,975;0,000
16,985;2,000
16,995;1,000
17,005;0,000
17,015;0,000
17,025;1,000
17,035;0,000
17,045;0,000
17,055;0,000
17,065;1,000
17,075;0,000
17,085;0,000
17,095;0,000
17,105;0,000
17,115;0,000
17,125;0,000
17,135;0,000
17,145;0,000
17,155;0,000
17,165;0,000
17,175;0,000
17,185;0,000
17,195;0,000
17,205;1,000
17,215;0,000
17,225;1,000
17,235;0,000
17,245;0,000
17,255;0,000
17,265;0,000
17,275;0,000
17,285;0,000
17,295;0,000
17,305;0,000
17,315;0,000
17,325;0,000
17,335;0,000
17,345;0,000
17,355;0,000
17,365;0,000
17,375;0,000
17,385;0,000
17,395;0,000
17,405;0,000
17,415;0,000
17,425;0,000
17,435;0,000
17,445;1,000
17,455;0,000
17,465;0,000
17,475;1,000
17,485;0,000
17,495;0,000
17,505;0,000
17,515;0,000
17,525;2,000
17,535;0,000
17,545;0,000
17,555;0,000
17,565;0,000
17,575;0,000
17,585;0,000
17,595;0,000
17,605;0,000
17,615;0,000
17,625;0,000
17,635;0,000
17,645;0,000
17,655;0,000
17,665;0,000
17,675;0,000
17,685;0,000
17,695;0,000
17,705;0,000
17,715;0,000
17,725;0,000
17,735;0,000
17,745;0,000
17,755;0,000
17,765;0,000
17,775;0,000
17,785;0,000
17,795;0,000
17,805;0,000
17,815;0,000
17,825;0,000
17,835;0,000
17,845;0,000
17,855;0,000
17,865;0,000
17,875;0,000
17,885;0,000
17,895;0,000
17,905;0,000
17,915;0,000
17,925;0,000
17,935;0,000
17,945;0,000
17,955;0,000
17,965;0,000
17,975;1,000
17,985;0,000
17,995;0,000
18,005;0,000
18,015;0,000
18,025;0,000
18,035;0,000
18,045;0,000
18,055;0,000
18,065;0,000
18,075;0,000
18,085;0,000
18,095;0,000
18,105;1,000
18,115;0,000
18,125;0,000
18,135;0,000
18,145;0,000
18,155;0,000
18,165;0,000
18,175;0,000
18,185;0,000
18,195;0,000
18,205;0,000
18,215;0,000
18,225;0,000
18,235;0,000
18,245;0,000
18,255;0,000
18,265;0,000
18,275;0,000
18,285;0,000
18,295;0,000
18,305;0,000
18,315;0,000
18,325;0,000
18,335;0,000
18,345;0,000
18,355;0,000
18,365;0,000
18,375;0,000
18,385;0,000
18,395;0,000
18,405;0,000
18,415;0,000
18,425;0,000
18,435;0,000
18,445;0,000
18,455;0,000
18,465;0,000
18,475;0,000
18,485;0,000
18,495;0,000
18,505;0,000
18,515;0,000
18,525;0,000
18,535;0,000
18,545;0,000
18,555;0,000
18,565;0,000
18,575;0,000
18,585;0,000
18,595;0,000
18,605;0,000
18,615;0,000
18,625;0,000
18,635;1,000
18,645;0,000
18,655;0,000
18,665;0,000
18,675;0,000
18,685;0,000
18,695;0,000
18,705;0,000
18,715;0,000
18,725;0,000
18,735;0,000
18,745;0,000
18,755;0,000
18,765;0,000
18,775;0,000
18,785;0,000
18,795;0,000
18,805;0,000
18,815;0,000
18,825;0,000
18,835;0,000
18,845;0,000
18,855;0,000
18,865;0,000
18,875;0,000
18,885;0,000
18,895;0,000
18,905;0,000
18,915;0,000
18,925;0,000
18,935;0,000
18,945;0,000
18,955;0,000
18,965;0,000
18,975;0,000
18,985;0,000
18,995;0,000
19,005;0,000
19,015;0,000
19,025;0,000
19,035;1,000
19,045;0,000
19,055;0,000
19,065;0,000
19,075;0,000
19,085;0,000
19,095;1,000
19,105;1,000
19,115;0,000
19,125;0,000
19,135;1,000
19,145;0,000
19,155;0,000
19,165;0,000
19,175;1,000
19,185;0,000
19,195;0,000
19,205;0,000
19,215;0,000
19,225;0,000
19,235;0,000
19,245;0,000
19,255;0,000
19,265;0,000
19,275;0,000
19,285;0,000
19,295;0,000
19,305;0,000
19,315;0,000
19,325;0,000
19,335;0,000
19,345;0,000
19,355;0,000
19,365;0,000
19,375;0,000
19,385;0,000
19,395;0,000
19,405;0,000
19,415;0,000
19,425;0,000
19,435;0,000
19,445;0,000
19,455;0,000
19,465;0,000
19,475;0,000
19,485;0,000
19,495;0,000
19,505;0,000
19,515;0,000
19,525;0,000
19,535;0,000
19,545;0,000
19,555;0,000
19,565;1,000
19,575;0,000
19,585;0,000
19,595;0,000
19,605;0,000
19,615;0,000
19,625;0,000
19,635;0,000
19,645;0,000
19,655;0,000
19,665;0,000
19,675;0,000
19,685;0,000
19,695;0,000
19,705;0,000
19,715;1,000
19,725;0,000
19,735;0,000
19,745;0,000
19,755;0,000
19,765;0,000
19,775;0,000
19,785;0,000
19,795;0,000
19,805;1,000
19,815;0,000
19,825;0,000
19,835;0,000
19,845;0,000
19,855;0,000
19,865;1,000
19,875;0,000
19,885;0,000
19,895;0,000
19,905;0,000
19,915;0,000
19,925;163,000
19,935;0,000
19,945;0,000
19,955;0,000
19,965;0,000
19,975;0,000
19,985;0,000
19,995;52,000
