0,005;0,000
0,015;0,000
0,025;0,000
0,035;0,000
0,045;0,000
0,055;0,000
0,065;0,000
0,075;0,000
0,085;0,000
0,095;0,000
0,105;0,000
0,115;0,000
0,125;0,000
0,135;0,000
0,145;0,000
0,155;0,000
0,165;0,000
0,175;0,000
0,185;0,000
0,195;0,000
0,205;0,000
0,215;0,000
0,225;0,000
0,235;0,000
0,245;0,000
0,255;0,000
0,265;0,000
0,275;0,000
0,285;0,000
0,295;0,000
0,305;0,000
0,315;0,000
0,325;0,000
0,335;0,000
0,345;0,000
0,355;0,000
0,365;0,000
0,375;0,000
0,385;0,000
0,395;0,000
0,405;0,000
0,415;0,000
0,425;0,000
0,435;0,000
0,445;0,000
0,455;0,000
0,465;0,000
0,475;0,000
0,485;0,000
0,495;0,000
0,505;0,000
0,515;0,000
0,525;0,000
0,535;0,000
0,545;0,000
0,555;0,000
0,565;0,000
0,575;0,000
0,585;0,000
0,595;0,000
0,605;0,000
0,615;0,000
0,625;0,000
0,635;0,000
0,645;0,000
0,655;0,000
0,665;0,000
0,675;0,000
0,685;0,000
0,695;0,000
0,705;0,000
0,715;0,000
0,725;0,000
0,735;0,000
0,745;0,000
0,755;0,000
0,765;0,000
0,775;0,000
0,785;0,000
0,795;0,000
0,805;0,000
0,815;0,000
0,825;0,000
0,835;0,000
0,845;0,000
0,855;0,000
0,865;0,000
0,875;0,000
0,885;0,000
0,895;0,000
0,905;0,000
0,915;0,000
0,925;0,000
0,935;0,000
0,945;0,000
0,955;0,000
0,965;0,000
0,975;0,000
0,985;0,000
0,995;0,000
1,005;0,000
1,015;0,000
1,025;0,000
1,035;0,000
1,045;0,000
1,055;0,000
1,065;0,000
1,075;0,000
1,085;0,000
1,095;0,000
1,105;0,000
1,115;0,000
1,125;0,000
1,135;0,000
1,145;0,000
1,155;0,000
1,165;0,000
1,175;0,000
1,185;0,000
1,195;0,000
1,205;0,000
1,215;0,000
1,225;0,000
1,235;0,000
1,245;0,000
1,255;0,000
1,265;0,000
1,275;0,000
1,285;0,000
1,295;0,000
1,305;0,000
1,315;0,000
1,325;0,000
1,335;0,000
1,345;0,000
1,355;0,000
1,365;0,000
1,375;0,000
1,385;0,000
1,395;0,000
1,405;0,000
1,415;0,000
1,425;1,000
1,435;5,000
1,445;35,000
1,455;70,000
1,465;83,000
1,475;71,000
1,485;92,000
1,495;99,000
1,505;94,000
1,515;105,000
1,525;100,000
1,535;105,000
1,545;89,000
1,555;100,000
1,565;95,000
1,575;91,000
1,585;76,000
1,595;80,000
1,605;92,000
1,615;83,000
1,625;86,000
1,635;96,000
1,645;93,000
1,655;106,000
1,665;78,000
1,675;95,000
1,685;76,000
1,695;94,000
1,705;91,000
1,715;95,000
1,725;92,000
1,735;88,000
1,745;95,000
1,755;89,000
1,765;110,000
1,775;85,000
1,785;98,000
1,795;100,000
1,805;102,000
1,815;95,000
1,825;100,000
1,835;99,000
1,845;100,000
1,855;88,000
1,865;110,000
1,875;106,000
1,885;86,000
1,895;114,000
1,905;125,000
1,915;104,000
1,925;81,000
1,935;84,000
1,945;100,000
1,955;84,000
1,965;97,000
1,975;92,000
1,985;109,000
1,995;115,000
2,005;111,000
2,015;92,000
2,025;85,000
2,035;101,000
2,045;110,000
2,055;85,000
2,065;91,000
2,075;98,000
2,085;86,000
2,095;97,000
2,105;94,000
2,115;94,000
2,125;109,000
2,135;112,000
2,145;102,000
2,155;102,000
2,165;97,000
2,175;91,000
2,185;116,000
2,195;87,000
2,205;90,000
2,215;92,000
2,225;110,000
2,235;79,000
2,245;88,000
2,255;96,000
2,265;102,000
2,275;92,000
2,285;81,000
2,295;93,000
2,305;103,000
2,315;80,000
2,325;89,000
2,335;81,000
2,345;86,000
2,355;104,000
2,365;101,000
2,375;82,000
2,385;75,000
2,395;75,000
2,405;79,000
2,415;78,000
2,425;94,000
2,435;85,000
2,445;90,000
2,455;76,000
2,465;93,000
2,475;93,000
2,485;75,000
2,495;89,000
2,505;78,000
2,515;89,000
2,525;79,000
2,535;88,000
2,545;93,000
2,555;64,000
2,565;78,000
2,575;90,000
2,585;83,000
2,595;76,000
2,605;91,000
2,615;79,000
2,625;91,000
2,635;85,000
2,645;92,000
2,655;110,000
2,665;72,000
2,675;86,000
2,685;90,000
2,695;79,000
2,705;85,000
2,715;77,000
2,725;89,000
2,735;72,000
2,745;74,000
2,755;100,000
2,765;86,000
2,775;89,000
2,785;86,000
2,795;70,000
2,805;84,000
2,815;85,000
2,825;84,000
2,835;79,000
2,845;70,000
2,855;66,000
2,865;83,000
2,875;92,000
2,885;85,000
2,895;76,000
2,905;78,000
2,915;91,000
2,925;97,000
2,935;85,000
2,945;78,000
2,955;82,000
2,965;90,000
2,975;74,000
2,985;95,000
2,995;103,000
3,005;80,000
3,015;84,000
3,025;68,000
3,035;81,000
3,045;70,000
3,055;90,000
3,065;79,000
3,075;78,000
3,085;81,000
3,095;86,000
3,105;65,000
3,115;93,000
3,125;78,000
3,135;77,000
3,145;91,000
3,155;68,000
3,165;87,000
3,175;77,000
3,185;86,000
3,195;69,000
3,205;68,000
3,215;83,000
3,225;83,000
3,235;87,000
3,245;75,000
3,255;75,000
3,265;89,000
3,275;88,000
3,285;72,000
3,295;69,000
3,305;67,000
3,315;70,000
3,325;73,000
3,335;74,000
3,345;82,000
3,355;79,000
3,365;78,000
3,375;81,000
3,385;80,000
3,395;75,000
3,405;84,000
3,415;59,000
3,425;66,000
3,435;56,000
3,445;94,000
3,455;77,000
3,465;84,000
3,475;75,000
3,485;62,000
3,495;71,000
3,505;76,000
3,515;90,000
3,525;79,000
3,535;76,000
3,545;76,000
3,555;71,000
3,565;84,000
3,575;78,000
3,585;80,000
3,595;69,000
3,605;68,000
3,615;69,000
3,625;71,000
3,635;89,000
3,645;83,000
3,655;81,000
3,665;80,000
3,675;71,000
3,685;86,000
3,695;84,000
3,705;75,000
3,715;78,000
3,725;81,000
3,735;66,000
3,745;75,000
3,755;68,000
3,765;92,000
3,775;76,000
3,785;86,000
3,795;70,000
3,805;72,000
3,815;87,000
3,825;89,000
3,835;90,000
3,845;89,000
3,855;79,000
3,865;99,000
3,875;92,000
3,885;87,000
3,895;80,000
3,905;89,000
3,915;80,000
3,925;96,000
3,935;77,000
3,945;84,000
3,955;66,000
3,965;71,000
3,975;84,000
3,985;80,000
3,995;87,000
4,005;88,000
4,015;68,000
4,025;103,000
4,035;64,000
4,045;85,000
4,055;71,000
4,065;73,000
4,075;61,000
4,085;86,000
4,095;64,000
4,105;81,000
4,115;75,000
4,125;69,000
4,135;79,000
4,145;65,000
4,155;67,000
4,165;63,000
4,175;69,000
4,185;64,000
4,195;65,000
4,205;62,000
4,215;55,000
4,225;61,000
4,235;71,000
4,245;51,000
4,255;55,000
4,265;59,000
4,275;60,000
4,285;65,000
4,295;51,000
4,305;44,000
4,315;39,000
4,325;60,000
4,335;48,000
4,345;57,000
4,355;66,000
4,365;47,000
4,375;49,000
4,385;40,000
4,395;54,000
4,405;51,000
4,415;43,000
4,425;37,000
4,435;44,000
4,445;44,000
4,455;49,000
4,465;47,000
4,475;34,000
4,485;35,000
4,495;38,000
4,505;36,000
4,515;46,000
4,525;34,000
4,535;35,000
4,545;34,000
4,555;42,000
4,565;45,000
4,575;35,000
4,585;45,000
4,595;35,000
4,605;34,000
4,615;26,000
4,625;27,000
4,635;28,000
4,645;40,000
4,655;29,000
4,665;40,000
4,675;24,000
4,685;36,000
4,695;34,000
4,705;33,000
4,715;28,000
4,725;33,000
4,735;35,000
4,745;24,000
4,755;27,000
4,765;37,000
4,775;30,000
4,785;31,000
4,795;29,000
4,805;35,000
4,815;32,000
4,825;27,000
4,835;34,000
4,845;26,000
4,855;38,000
4,865;17,000
4,875;36,000
4,885;31,000
4,895;24,000
4,905;41,000
4,915;29,000
4,925;42,000
4,935;32,000
4,945;37,000
4,955;28,000
4,965;30,000
4,975;43,000
4,985;28,000
4,995;34,000
5,005;31,000
5,015;25,000
5,025;26,000
5,035;31,000
5,045;25,000
5,055;41,000
5,065;34,000
5,075;27,000
5,085;40,000
5,095;40,000
5,105;32,000
5,115;35,000
5,125;41,000
5,135;44,000
5,145;26,000
5,155;33,000
5,165;45,000
5,175;30,000
5,185;39,000
5,195;41,000
5,205;45,000
5,215;42,000
5,225;45,000
5,235;48,000
5,245;41,000
5,255;38,000
5,265;38,000
5,275;46,000
5,285;37,000
5,295;43,000
5,305;41,000
5,315;52,000
5,325;48,000
5,335;57,000
5,345;71,000
5,355;57,000
5,365;62,000
5,375;55,000
5,385;58,000
5,395;79,000
5,405;67,000
5,415;76,000
5,425;87,000
5,435;80,000
5,445;88,000
5,455;95,000
5,465;105,000
5,475;132,000
5,485;132,000
5,495;138,000
5,505;137,000
5,515;133,000
5,525;158,000
5,535;174,000
5,545;171,000
5,555;227,000
5,565;209,000
5,575;226,000
5,585;245,000
5,595;256,000
5,605;269,000
5,615;307,000
5,625;292,000
5,635;345,000
5,645;357,000
5,655;359,000
5,665;349,000
5,675;414,000
5,685;458,000
5,695;448,000
5,705;496,000
5,715;517,000
5,725;484,000
5,735;545,000
5,745;552,000
5,755;569,000
5,765;601,000
5,775;561,000
5,785;600,000
5,795;614,000
5,805;655,000
5,815;649,000
5,825;662,000
5,835;596,000
5,845;672,000
5,855;639,000
5,865;671,000
5,875;677,000
5,885;672,000
5,895;645,000
5,905;696,000
5,915;694,000
5,925;625,000
5,935;629,000
5,945;640,000
5,955;560,000
5,965;538,000
5,975;565,000
5,985;556,000
5,995;514,000
6,005;494,000
6,015;516,000
6,025;427,000
6,035;425,000
6,045;464,000
6,055;362,000
6,065;407,000
6,075;347,000
6,085;324,000
6,095;302,000
6,105;284,000
6,115;266,000
6,125;273,000
6,135;233,000
6,145;220,000
6,155;179,000
6,165;188,000
6,175;182,000
6,185;160,000
6,195;161,000
6,205;131,000
6,215;120,000
6,225;117,000
6,235;101,000
6,245;97,000
6,255;82,000
6,265;73,000
6,275;77,000
6,285;48,000
6,295;52,000
6,305;40,000
6,315;50,000
6,325;53,000
6,335;28,000
6,345;21,000
6,355;27,000
6,365;32,000
6,375;30,000
6,385;19,000
6,395;10,000
6,405;16,000
6,415;20,000
6,425;10,000
6,435;12,000
6,445;12,000
6,455;8,000
6,465;15,000
6,475;9,000
6,485;8,000
6,495;7,000
6,505;10,000
6,515;9,000
6,525;9,000
6,535;4,000
6,545;6,000
6,555;7,000
6,565;6,000
6,575;5,000
6,585;4,000
6,595;6,000
6,605;8,000
6,615;5,000
6,625;2,000
6,635;5,000
6,645;5,000
6,655;4,000
6,665;0,000
6,675;3,000
6,685;4,000
6,695;1,000
6,705;4,000
6,715;0,000
6,725;2,000
6,735;5,000
6,745;3,000
6,755;2,000
6,765;3,000
6,775;6,000
6,785;4,000
6,795;4,000
6,805;4,000
6,815;6,000
6,825;0,000
6,835;2,000
6,845;0,000
6,855;6,000
6,865;2,000
6,875;3,000
6,885;5,000
6,895;4,000
6,905;1,000
6,915;4,000
6,925;2,000
6,935;2,000
6,945;1,000
6,955;3,000
6,965;1,000
6,975;5,000
6,985;3,000
6,995;3,000
7,005;1,000
7,015;3,000
7,025;2,000
7,035;5,000
7,045;4,000
7,055;5,000
7,065;2,000
7,075;4,000
7,085;2,000
7,095;1,000
7,105;1,000
7,115;2,000
7,125;2,000
7,135;1,000
7,145;5,000
7,155;2,000
7,165;3,000
7,175;4,000
7,185;5,000
7,195;2,000
7,205;3,000
7,215;3,000
7,225;1,000
7,235;3,000
7,245;3,000
7,255;2,000
7,265;3,000
7,275;2,000
7,285;1,000
7,295;3,000
7,305;3,000
7,315;5,000
7,325;7,000
7,335;0,000
7,345;3,000
7,355;3,000
7,365;3,000
7,375;1,000
7,385;4,000
7,395;4,000
7,405;3,000
7,415;0,000
7,425;0,000
7,435;1,000
7,445;3,000
7,455;1,000
7,465;2,000
7,475;4,000
7,485;2,000
7,495;4,000
7,505;3,000
7,515;2,000
7,525;4,000
7,535;2,000
7,545;0,000
7,555;1,000
7,565;6,000
7,575;1,000
7,585;5,000
7,595;6,000
7,605;2,000
7,615;3,000
7,625;2,000
7,635;3,000
7,645;4,000
7,655;2,000
7,665;5,000
7,675;4,000
7,685;0,000
7,695;4,000
7,705;2,000
7,715;3,000
7,725;2,000
7,735;1,000
7,745;0,000
7,755;3,000
7,765;4,000
7,775;5,000
7,785;5,000
7,795;0,000
7,805;3,000
7,815;1,000
7,825;5,000
7,835;3,000
7,845;0,000
7,855;0,000
7,865;2,000
7,875;4,000
7,885;3,000
7,895;2,000
7,905;2,000
7,915;5,000
7,925;5,000
7,935;4,000
7,945;5,000
7,955;3,000
7,965;3,000
7,975;2,000
7,985;2,000
7,995;6,000
8,005;4,000
8,015;1,000
8,025;6,000
8,035;2,000
8,045;2,000
8,055;3,000
8,065;0,000
8,075;5,000
8,085;2,000
8,095;2,000
8,105;3,000
8,115;6,000
8,125;2,000
8,135;4,000
8,145;2,000
8,155;1,000
8,165;4,000
8,175;3,000
8,185;6,000
8,195;2,000
8,205;0,000
8,215;2,000
8,225;1,000
8,235;3,000
8,245;3,000
8,255;5,000
8,265;2,000
8,275;1,000
8,285;0,000
8,295;0,000
8,305;2,000
8,315;2,000
8,325;5,000
8,335;2,000
8,345;5,000
8,355;2,000
8,365;2,000
8,375;3,000
8,385;4,000
8,395;1,000
8,405;3,000
8,415;3,000
8,425;1,000
8,435;1,000
8,445;1,000
8,455;4,000
8,465;2,000
8,475;2,000
8,485;2,000
8,495;2,000
8,505;1,000
8,515;0,000
8,525;3,000
8,535;1,000
8,545;2,000
8,555;1,000
8,565;4,000
8,575;2,000
8,585;1,000
8,595;1,000
8,605;4,000
8,615;4,000
8,625;1,000
8,635;3,000
8,645;0,000
8,655;1,000
8,665;0,000
8,675;0,000
8,685;0,000
8,695;2,000
8,705;1,000
8,715;1,000
8,725;2,000
8,735;2,000
8,745;0,000
8,755;0,000
8,765;0,000
8,775;1,000
8,785;1,000
8,795;4,000
8,805;2,000
8,815;0,000
8,825;5,000
8,835;1,000
8,845;0,000
8,855;2,000
8,865;2,000
8,875;3,000
8,885;2,000
8,895;3,000
8,905;1,000
8,915;5,000
8,925;1,000
8,935;2,000
8,945;4,000
8,955;1,000
8,965;2,000
8,975;1,000
8,985;2,000
8,995;1,000
9,005;4,000
9,015;0,000
9,025;2,000
9,035;6,000
9,045;4,000
9,055;1,000
9,065;2,000
9,075;1,000
9,085;2,000
9,095;3,000
9,105;0,000
9,115;5,000
9,125;3,000
9,135;1,000
9,145;0,000
9,155;2,000
9,165;2,000
9,175;3,000
9,185;0,000
9,195;0,000
9,205;3,000
9,215;1,000
9,225;1,000
9,235;3,000
9,245;0,000
9,255;1,000
9,265;2,000
9,275;1,000
9,285;5,000
9,295;0,000
9,305;1,000
9,315;1,000
9,325;3,000
9,335;1,000
9,345;1,000
9,355;1,000
9,365;0,000
9,375;1,000
9,385;5,000
9,395;1,000
9,405;0,000
9,415;6,000
9,425;1,000
9,435;4,000
9,445;2,000
9,455;2,000
9,465;2,000
9,475;1,000
9,485;0,000
9,495;2,000
9,505;1,000
9,515;2,000
9,525;5,000
9,535;1,000
9,545;2,000
9,555;2,000
9,565;2,000
9,575;2,000
9,585;1,000
9,595;1,000
9,605;2,000
9,615;2,000
9,625;3,000
9,635;1,000
9,645;1,000
9,655;1,000
9,665;1,000
9,675;1,000
9,685;1,000
9,695;0,000
9,705;1,000
9,715;0,000
9,725;2,000
9,735;0,000
9,745;0,000
9,755;0,000
9,765;2,000
9,775;1,000
9,785;2,000
9,795;1,000
9,805;0,000
9,815;2,000
9,825;1,000
9,835;2,000
9,845;1,000
9,855;4,000
9,865;3,000
9,875;0,000
9,885;4,000
9,895;3,000
9,905;1,000
9,915;1,000
9,925;0,000
9,935;0,000
9,945;0,000
9,955;1,000
9,965;3,000
9,975;0,000
9,985;1,000
9,995;5,000
10,005;4,000
10,015;0,000
10,025;0,000
10,035;2,000
10,045;4,000
10,055;1,000
10,065;4,000
10,075;2,000
10,085;0,000
10,095;1,000
10,105;0,000
10,115;0,000
10,125;4,000
10,135;1,000
10,145;4,000
10,155;2,000
10,165;2,000
10,175;1,000
10,185;1,000
10,195;2,000
10,205;3,000
10,215;0,000
10,225;1,000
10,235;1,000
10,245;3,000
10,255;3,000
10,265;3,000
10,275;0,000
10,285;2,000
10,295;1,000
10,305;0,000
10,315;1,000
10,325;0,000
10,335;1,000
10,345;0,000
10,355;1,000
10,365;1,000
10,375;0,000
10,385;1,000
10,395;2,000
10,405;0,000
10,415;2,000
10,425;0,000
10,435;3,000
10,445;1,000
10,455;1,000
10,465;1,000
10,475;1,000
10,485;2,000
10,495;1,000
10,505;0,000
10,515;3,000
10,525;3,000
10,535;0,000
10,545;2,000
10,555;1,000
10,565;1,000
10,575;0,000
10,585;1,000
10,595;1,000
10,605;3,000
10,615;1,000
10,625;2,000
10,635;2,000
10,645;0,000
10,655;2,000
10,665;0,000
10,675;0,000
10,685;0,000
10,695;1,000
10,705;0,000
10,715;2,000
10,725;1,000
10,735;1,000
10,745;0,000
10,755;1,000
10,765;0,000
10,775;1,000
10,785;1,000
10,795;1,000
10,805;2,000
10,815;0,000
10,825;0,000
10,835;2,000
10,845;1,000
10,855;0,000
10,865;0,000
10,875;0,000
10,885;2,000
10,895;1,000
10,905;1,000
10,915;3,000
10,925;0,000
10,935;0,000
10,945;2,000
10,955;2,000
10,965;1,000
10,975;1,000
10,985;2,000
10,995;1,000
11,005;2,000
11,015;1,000
11,025;0,000
11,035;0,000
11,045;0,000
11,055;3,000
11,065;0,000
11,075;2,000
11,085;1,000
11,095;1,000
11,105;0,000
11,115;1,000
11,125;1,000
11,135;1,000
11,145;1,000
11,155;0,000
11,165;0,000
11,175;1,000
11,185;0,000
11,195;2,000
11,205;1,000
11,215;1,000
11,225;0,000
11,235;2,000
11,245;0,000
11,255;1,000
11,265;2,000
11,275;0,000
11,285;0,000
11,295;1,000
11,305;5,000
11,315;1,000
11,325;1,000
11,335;2,000
11,345;1,000
11,355;0,000
11,365;1,000
11,375;1,000
11,385;1,000
11,395;1,000
11,405;2,000
11,415;0,000
11,425;1,000
11,435;1,000
11,445;1,000
11,455;0,000
11,465;1,000
11,475;4,000
11,485;2,000
11,495;2,000
11,505;2,000
11,515;1,000
11,525;2,000
11,535;1,000
11,545;2,000
11,555;0,000
11,565;0,000
11,575;2,000
11,585;1,000
11,595;2,000
11,605;2,000
11,615;1,000
11,625;2,000
11,635;2,000
11,645;5,000
11,655;1,000
11,665;0,000
11,675;4,000
11,685;1,000
11,695;1,000
11,705;2,000
11,715;0,000
11,725;3,000
11,735;2,000
11,745;1,000
11,755;1,000
11,765;3,000
11,775;1,000
11,785;1,000
11,795;3,000
11,805;1,000
11,815;2,000
11,825;3,000
11,835;3,000
11,845;5,000
11,855;3,000
11,865;2,000
11,875;2,000
11,885;5,000
11,895;1,000
11,905;4,000
11,915;2,000
11,925;3,000
11,935;2,000
11,945;6,000
11,955;1,000
11,965;0,000
11,975;5,000
11,985;2,000
11,995;1,000
12,005;2,000
12,015;4,000
12,025;4,000
12,035;3,000
12,045;6,000
12,055;2,000
12,065;3,000
12,075;4,000
12,085;3,000
12,095;0,000
12,105;3,000
12,115;3,000
12,125;2,000
12,135;1,000
12,145;5,000
12,155;2,000
12,165;7,000
12,175;2,000
12,185;1,000
12,195;6,000
12,205;4,000
12,215;3,000
12,225;3,000
12,235;1,000
12,245;2,000
12,255;3,000
12,265;1,000
12,275;3,000
12,285;1,000
12,295;1,000
12,305;1,000
12,315;1,000
12,325;0,000
12,335;0,000
12,345;1,000
12,355;2,000
12,365;2,000
12,375;0,000
12,385;0,000
12,395;1,000
12,405;3,000
12,415;1,000
12,425;2,000
12,435;2,000
12,445;0,000
12,455;0,000
12,465;1,000
12,475;6,000
12,485;1,000
12,495;2,000
12,505;4,000
12,515;0,000
12,525;2,000
12,535;0,000
12,545;0,000
12,555;2,000
12,565;2,000
12,575;1,000
12,585;1,000
12,595;3,000
12,605;1,000
12,615;1,000
12,625;1,000
12,635;0,000
12,645;1,000
12,655;0,000
12,665;0,000
12,675;0,000
12,685;0,000
12,695;2,000
12,705;0,000
12,715;0,000
12,725;2,000
12,735;1,000
12,745;0,000
12,755;0,000
12,765;2,000
12,775;1,000
12,785;1,000
12,795;1,000
12,805;0,000
12,815;0,000
12,825;0,000
12,835;0,000
12,845;0,000
12,855;1,000
12,865;1,000
12,875;0,000
12,885;0,000
12,895;0,000
12,905;1,000
12,915;0,000
12,925;1,000
12,935;0,000
12,945;1,000
12,955;2,000
12,965;1,000
12,975;0,000
12,985;0,000
12,995;0,000
13,005;0,000
13,015;1,000
13,025;2,000
13,035;0,000
13,045;1,000
13,055;0,000
13,065;0,000
13,075;1,000
13,085;0,000
13,095;1,000
13,105;1,000
13,115;1,000
13,125;0,000
13,135;2,000
13,145;2,000
13,155;0,000
13,165;0,000
13,175;0,000
13,185;4,000
13,195;0,000
13,205;0,000
13,215;0,000
13,225;0,000
13,235;0,000
13,245;0,000
13,255;0,000
13,265;0,000
13,275;0,000
13,285;1,000
13,295;0,000
13,305;0,000
13,315;0,000
13,325;0,000
13,335;0,000
13,345;0,000
13,355;0,000
13,365;1,000
13,375;0,000
13,385;0,000
13,395;0,000
13,405;2,000
13,415;0,000
13,425;0,000
13,435;0,000
13,445;1,000
13,455;1,000
13,465;1,000
13,475;0,000
13,485;0,000
13,495;2,000
13,505;0,000
13,515;0,000
13,525;0,000
13,535;0,000
13,545;0,000
13,555;0,000
13,565;1,000
13,575;0,000
13,585;0,000
13,595;1,000
13,605;0,000
13,615;0,000
13,625;1,000
13,635;0,000
13,645;0,000
13,655;0,000
13,665;0,000
13,675;0,000
13,685;1,000
13,695;0,000
13,705;0,000
13,715;0,000
13,725;0,000
13,735;1,000
13,745;1,000
13,755;0,000
13,765;0,000
13,775;0,000
13,785;0,000
13,795;1,000
13,805;0,000
13,815;0,000
13,825;1,000
13,835;0,000
13,845;4,000
13,855;0,000
13,865;0,000
13,875;0,000
13,885;0,000
13,895;1,000
13,905;0,000
13,915;0,000
13,925;1,000
13,935;0,000
13,945;0,000
13,955;0,000
13,965;0,000
13,975;1,000
13,985;0,000
13,995;0,000
14,005;0,000
14,015;0,000
14,025;2,000
14,035;0,000
14,045;0,000
14,055;0,000
14,065;0,000
14,075;1,000
14,085;0,000
14,095;1,000
14,105;0,000
14,115;0,000
14,125;0,000
14,135;1,000
14,145;0,000
14,155;2,000
14,165;0,000
14,175;0,000
14,185;0,000
14,195;0,000
14,205;0,000
14,215;0,000
14,225;1,000
14,235;0,000
14,245;1,000
14,255;1,000
14,265;0,000
14,275;0,000
14,285;0,000
14,295;0,000
14,305;1,000
14,315;1,000
14,325;0,000
14,335;0,000
14,345;0,000
14,355;1,000
14,365;1,000
14,375;1,000
14,385;1,000
14,395;0,000
14,405;0,000
14,415;0,000
14,425;0,000
14,435;1,000
14,445;0,000
14,455;0,000
14,465;0,000
14,475;0,000
14,485;0,000
14,495;0,000
14,505;0,000
14,515;1,000
14,525;0,000
14,535;1,000
14,545;0,000
14,555;0,000
14,565;1,000
14,575;0,000
14,585;1,000
14,595;0,000
14,605;0,000
14,615;0,000
14,625;0,000
14,635;0,000
14,645;1,000
14,655;1,000
14,665;0,000
14,675;0,000
14,685;0,000
14,695;1,000
14,705;0,000
14,715;0,000
14,725;0,000
14,735;2,000
14,745;1,000
14,755;0,000
14,765;0,000
14,775;0,000
14,785;0,000
14,795;0,000
14,805;0,000
14,815;0,000
14,825;0,000
14,835;0,000
14,845;0,000
14,855;0,000
14,865;0,000
14,875;0,000
14,885;0,000
14,895;0,000
14,905;0,000
14,915;0,000
14,925;0,000
14,935;1,000
14,945;0,000
14,955;0,000
14,965;0,000
14,975;1,000
14,985;0,000
14,995;1,000
15,005;2,000
15,015;0,000
15,025;0,000
15,035;1,000
15,045;0,000
15,055;0,000
15,065;0,000
15,075;0,000
15,085;0,000
15,095;0,000
15,105;0,000
15,115;0,000
15,125;0,000
15,135;1,000
15,145;0,000
15,155;0,000
15,165;0,000
15,175;0,000
15,185;0,000
15,195;1,000
15,205;0,000
15,215;0,000
15,225;0,000
15,235;1,000
15,245;0,000
15,255;0,000
15,265;0,000
15,275;0,000
15,285;0,000
15,295;0,000
15,305;0,000
15,315;1,000
15,325;0,000
15,335;1,000
15,345;0,000
15,355;0,000
15,365;1,000
15,375;1,000
15,385;1,000
15,395;1,000
15,405;1,000
15,415;0,000
15,425;0,000
15,435;1,000
15,445;2,000
15,455;1,000
15,465;0,000
15,475;0,000
15,485;0,000
15,495;1,000
15,505;2,000
15,515;1,000
15,525;3,000
15,535;2,000
15,545;2,000
15,555;0,000
15,565;2,000
15,575;0,000
15,585;1,000
15,595;0,000
15,605;2,000
15,615;0,000
15,625;0,000
15,635;0,000
15,645;2,000
15,655;1,000
15,665;0,000
15,675;0,000
15,685;2,000
15,695;0,000
15,705;1,000
15,715;2,000
15,725;1,000
15,735;0,000
15,745;1,000
15,755;0,000
15,765;1,000
15,775;1,000
15,785;1,000
15,795;0,000
15,805;0,000
15,815;0,000
15,825;1,000
15,835;0,000
15,845;0,000
15,855;0,000
15,865;0,000
15,875;0,000
15,885;0,000
15,895;1,000
15,905;0,000
15,915;0,000
15,925;0,000
15,935;0,000
15,945;1,000
15,955;1,000
15,965;0,000
15,975;1,000
15,985;0,000
15,995;0,000
16,005;1,000
16,015;0,000
16,025;1,000
16,035;1,000
16,045;0,000
16,055;0,000
16,065;0,000
16,075;0,000
16,085;0,000
16,095;0,000
16,105;1,000
16,115;1,000
16,125;0,000
16,135;1,000
16,145;1,000
16,155;0,000
16,165;0,000
16,175;0,000
16,185;0,000
16,195;0,000
16,205;0,000
16,215;0,000
16,225;1,000
16,235;1,000
16,245;0,000
16,255;1,000
16,265;1,000
16,275;0,000
16,285;0,000
16,295;1,000
16,305;0,000
16,315;0,000
16,325;1,000
16,335;0,000
16,345;0,000
16,355;0,000
16,365;0,000
16,375;0,000
16,385;1,000
16,395;0,000
16,405;1,000
16,415;0,000
16,425;0,000
16,435;0,000
16,445;0,000
16,455;0,000
16,465;0,000
16,475;0,000
16,485;0,000
16,495;0,000
16,505;0,000
16,515;0,000
16,525;0,000
16,535;0,000
16,545;1,000
16,555;0,000
16,565;0,000
16,575;1,000
16,585;0,000
16,595;0,000
16,605;1,000
16,615;1,000
16,625;0,000
16,635;0,000
16,645;1,000
16,655;0,000
16,665;0,000
16,675;1,000
16,685;0,000
16,695;0,000
16,705;0,000
16,715;0,000
16,725;1,000
16,735;1,000
16,745;0,000
16,755;2,000
16,765;0,000
16,775;2,000
16,785;1,000
16,795;0,000
16,805;1,000
16,815;0,000
16,825;2,000
16,835;0,000
16,845;0,000
16,855;1,000
16,865;2,000
16,875;1,000
16,885;0,000
16,895;0,000
16,905;0,000
16,915;0,000
16,925;0,000
16,935;0,000
16,945;1,000
16,955;0,000
16,965;0,000
16,975;0,000
16,985;1,000
16,995;0,000
17,005;0,000
17,015;0,000
17,025;0,000
17,035;0,000
17,045;0,000
17,055;1,000
17,065;0,000
17,075;0,000
17,085;0,000
17,095;1,000
17,105;0,000
17,115;0,000
17,125;0,000
17,135;0,000
17,145;1,000
17,155;0,000
17,165;0,000
17,175;1,000
17,185;0,000
17,195;0,000
17,205;0,000
17,215;0,000
17,225;0,000
17,235;0,000
17,245;0,000
17,255;0,000
17,265;0,000
17,275;0,000
17,285;0,000
17,295;0,000
17,305;0,000
17,315;0,000
17,325;0,000
17,335;0,000
17,345;0,000
17,355;0,000
17,365;0,000
17,375;0,000
17,385;0,000
17,395;0,000
17,405;0,000
17,415;0,000
17,425;0,000
17,435;0,000
17,445;0,000
17,455;0,000
17,465;0,000
17,475;0,000
17,485;0,000
17,495;0,000
17,505;0,000
17,515;1,000
17,525;0,000
17,535;0,000
17,545;0,000
17,555;0,000
17,565;0,000
17,575;0,000
17,585;0,000
17,595;0,000
17,605;0,000
17,615;0,000
17,625;0,000
17,635;0,000
17,645;0,000
17,655;0,000
17,665;0,000
17,675;0,000
17,685;0,000
17,695;0,000
17,705;0,000
17,715;0,000
17,725;0,000
17,735;0,000
17,745;0,000
17,755;0,000
17,765;0,000
17,775;0,000
17,785;0,000
17,795;0,000
17,805;0,000
17,815;0,000
17,825;0,000
17,835;0,000
17,845;0,000
17,855;0,000
17,865;0,000
17,875;0,000
17,885;0,000
17,895;0,000
17,905;0,000
17,915;0,000
17,925;0,000
17,935;0,000
17,945;0,000
17,955;0,000
17,965;0,000
17,975;0,000
17,985;0,000
17,995;0,000
18,005;0,000
18,015;0,000
18,025;1,000
18,035;0,000
18,045;0,000
18,055;0,000
18,065;0,000
18,075;0,000
18,085;0,000
18,095;0,000
18,105;0,000
18,115;0,000
18,125;0,000
18,135;1,000
18,145;0,000
18,155;0,000
18,165;0,000
18,175;0,000
18,185;0,000
18,195;0,000
18,205;0,000
18,215;0,000
18,225;0,000
18,235;0,000
18,245;0,000
18,255;0,000
18,265;0,000
18,275;0,000
18,285;0,000
18,295;0,000
18,305;0,000
18,315;0,000
18,325;1,000
18,335;0,000
18,345;0,000
18,355;0,000
18,365;0,000
18,375;0,000
18,385;0,000
18,395;0,000
18,405;0,000
18,415;0,000
18,425;0,000
18,435;0,000
18,445;0,000
18,455;0,000
18,465;0,000
18,475;0,000
18,485;0,000
18,495;0,000
18,505;0,000
18,515;0,000
18,525;0,000
18,535;0,000
18,545;0,000
18,555;0,000
18,565;0,000
18,575;0,000
18,585;0,000
18,595;0,000
18,605;0,000
18,615;0,000
18,625;0,000
18,635;0,000
18,645;0,000
18,655;0,000
18,665;0,000
18,675;0,000
18,685;0,000
18,695;0,000
18,705;0,000
18,715;0,000
18,725;0,000
18,735;0,000
18,745;0,000
18,755;0,000
18,765;0,000
18,775;0,000
18,785;0,000
18,795;0,000
18,805;0,000
18,815;0,000
18,825;0,000
18,835;0,000
18,845;0,000
18,855;0,000
18,865;0,000
18,875;0,000
18,885;0,000
18,895;0,000
18,905;0,000
18,915;0,000
18,925;0,000
18,935;0,000
18,945;0,000
18,955;0,000
18,965;0,000
18,975;0,000
18,985;0,000
18,995;0,000
19,005;0,000
19,015;0,000
19,025;0,000
19,035;0,000
19,045;0,000
19,055;0,000
19,065;0,000
19,075;0,000
19,085;0,000
19,095;0,000
19,105;0,000
19,115;0,000
19,125;0,000
19,135;0,000
19,145;0,000
19,155;0,000
19,165;0,000
19,175;0,000
19,185;0,000
19,195;0,000
19,205;0,000
19,215;0,000
19,225;0,000
19,235;1,000
19,245;0,000
19,255;0,000
19,265;0,000
19,275;0,000
19,285;0,000
19,295;0,000
19,305;0,000
19,315;0,000
19,325;0,000
19,335;0,000
19,345;0,000
19,355;0,000
19,365;0,000
19,375;0,000
19,385;0,000
19,395;0,000
19,405;0,000
19,415;0,000
19,425;0,000
19,435;0,000
19,445;1,000
19,455;0,000
19,465;0,000
19,475;0,000
19,485;0,000
19,495;0,000
19,505;0,000
19,515;0,000
19,525;0,000
19,535;0,000
19,545;0,000
19,555;0,000
19,565;0,000
19,575;0,000
19,585;0,000
19,595;0,000
19,605;0,000
19,615;0,000
19,625;0,000
19,635;0,000
19,645;0,000
19,655;0,000
19,665;0,000
19,675;0,000
19,685;0,000
19,695;0,000
19,705;0,000
19,715;0,000
19,725;0,000
19,735;0,000
19,745;0,000
19,755;0,000
19,765;0,000
19,775;0,000
19,785;0,000
19,795;0,000
19,805;0,000
19,815;0,000
19,825;0,000
19,835;0,000
19,845;0,000
19,855;0,000
19,865;0,000
19,875;0,000
19,885;0,000
19,895;0,000
19,905;0,000
19,915;0,000
19,925;56,000
19,935;0,000
19,945;0,000
19,955;0,000
19,965;0,000
19,975;0,000
19,985;0,000
19,995;14,000
