0,005;0,000
0,015;0,000
0,025;0,000
0,035;0,000
0,045;0,000
0,055;0,000
0,065;0,000
0,075;0,000
0,085;0,000
0,095;0,000
0,105;0,000
0,115;0,000
0,125;0,000
0,135;0,000
0,145;0,000
0,155;0,000
0,165;0,000
0,175;0,000
0,185;0,000
0,195;0,000
0,205;0,000
0,215;0,000
0,225;0,000
0,235;0,000
0,245;0,000
0,255;0,000
0,265;0,000
0,275;0,000
0,285;0,000
0,295;0,000
0,305;0,000
0,315;0,000
0,325;0,000
0,335;0,000
0,345;0,000
0,355;0,000
0,365;0,000
0,375;0,000
0,385;0,000
0,395;0,000
0,405;0,000
0,415;0,000
0,425;0,000
0,435;0,000
0,445;0,000
0,455;0,000
0,465;0,000
0,475;0,000
0,485;0,000
0,495;0,000
0,505;0,000
0,515;0,000
0,525;0,000
0,535;0,000
0,545;0,000
0,555;0,000
0,565;0,000
0,575;0,000
0,585;0,000
0,595;0,000
0,605;0,000
0,615;0,000
0,625;0,000
0,635;0,000
0,645;0,000
0,655;0,000
0,665;0,000
0,675;0,000
0,685;0,000
0,695;0,000
0,705;0,000
0,715;0,000
0,725;0,000
0,735;0,000
0,745;0,000
0,755;0,000
0,765;0,000
0,775;0,000
0,785;0,000
0,795;0,000
0,805;0,000
0,815;0,000
0,825;0,000
0,835;0,000
0,845;0,000
0,855;0,000
0,865;0,000
0,875;0,000
0,885;0,000
0,895;0,000
0,905;0,000
0,915;0,000
0,925;0,000
0,935;0,000
0,945;0,000
0,955;0,000
0,965;0,000
0,975;0,000
0,985;1,000
0,995;0,000
1,005;11,000
1,015;129,000
1,025;243,000
1,035;206,000
1,045;268,000
1,055;262,000
1,065;236,000
1,075;228,000
1,085;248,000
1,095;250,000
1,105;238,000
1,115;246,000
1,125;265,000
1,135;276,000
1,145;255,000
1,155;262,000
1,165;250,000
1,175;262,000
1,185;209,000
1,195;234,000
1,205;229,000
1,215;240,000
1,225;229,000
1,235;246,000
1,245;229,000
1,255;250,000
1,265;219,000
1,275;231,000
1,285;201,000
1,295;284,000
1,305;276,000
1,315;249,000
1,325;215,000
1,335;260,000
1,345;269,000
1,355;242,000
1,365;272,000
1,375;220,000
1,385;244,000
1,395;288,000
1,405;284,000
1,415;268,000
1,425;227,000
1,435;250,000
1,445;269,000
1,455;239,000
1,465;234,000
1,475;274,000
1,485;266,000
1,495;282,000
1,505;239,000
1,515;229,000
1,525;262,000
1,535;280,000
1,545;244,000
1,555;323,000
1,565;283,000
1,575;263,000
1,585;273,000
1,595;279,000
1,605;275,000
1,615;286,000
1,625;292,000
1,635;280,000
1,645;310,000
1,655;313,000
1,665;286,000
1,675;319,000
1,685;339,000
1,695;296,000
1,705;305,000
1,715;311,000
1,725;328,000
1,735;368,000
1,745;331,000
1,755;371,000
1,765;347,000
1,775;361,000
1,785;297,000
1,795;350,000
1,805;315,000
1,815;326,000
1,825;287,000
1,835;219,000
1,845;197,000
1,855;191,000
1,865;201,000
1,875;181,000
1,885;166,000
1,895;173,000
1,905;162,000
1,915;150,000
1,925;174,000
1,935;157,000
1,945;163,000
1,955;157,000
1,965;148,000
1,975;139,000
1,985;132,000
1,995;110,000
2,005;140,000
2,015;136,000
2,025;112,000
2,035;111,000
2,045;107,000
2,055;104,000
2,065;78,000
2,075;95,000
2,085;91,000
2,095;94,000
2,105;93,000
2,115;91,000
2,125;73,000
2,135;78,000
2,145;68,000
2,155;70,000
2,165;62,000
2,175;70,000
2,185;63,000
2,195;61,000
2,205;73,000
2,215;66,000
2,225;58,000
2,235;50,000
2,245;56,000
2,255;49,000
2,265;63,000
2,275;59,000
2,285;74,000
2,295;58,000
2,305;68,000
2,315;52,000
2,325;59,000
2,335;61,000
2,345;46,000
2,355;58,000
2,365;44,000
2,375;60,000
2,385;37,000
2,395;42,000
2,405;56,000
2,415;50,000
2,425;50,000
2,435;56,000
2,445;45,000
2,455;49,000
2,465;46,000
2,475;49,000
2,485;328,000
2,495;3298,000
2,505;5033,000
2,515;1910,000
2,525;302,000
2,535;34,000
2,545;6,000
2,555;6,000
2,565;15,000
2,575;8,000
2,585;4,000
2,595;6,000
2,605;9,000
2,615;4,000
2,625;8,000
2,635;8,000
2,645;9,000
2,655;5,000
2,665;12,000
2,675;2,000
2,685;5,000
2,695;8,000
2,705;3,000
2,715;3,000
2,725;6,000
2,735;3,000
2,745;8,000
2,755;3,000
2,765;4,000
2,775;3,000
2,785;4,000
2,795;6,000
2,805;7,000
2,815;5,000
2,825;3,000
2,835;6,000
2,845;4,000
2,855;2,000
2,865;7,000
2,875;10,000
2,885;2,000
2,895;8,000
2,905;7,000
2,915;3,000
2,925;4,000
2,935;2,000
2,945;2,000
2,955;5,000
2,965;6,000
2,975;4,000
2,985;7,000
2,995;6,000
3,005;3,000
3,015;2,000
3,025;7,000
3,035;3,000
3,045;3,000
3,055;3,000
3,065;1,000
3,075;3,000
3,085;3,000
3,095;6,000
3,105;2,000
3,115;4,000
3,125;3,000
3,135;1,000
3,145;3,000
3,155;6,000
3,165;2,000
3,175;2,000
3,185;5,000
3,195;1,000
3,205;4,000
3,215;1,000
3,225;4,000
3,235;6,000
3,245;5,000
3,255;4,000
3,265;2,000
3,275;0,000
3,285;4,000
3,295;3,000
3,305;1,000
3,315;1,000
3,325;3,000
3,335;3,000
3,345;2,000
3,355;4,000
3,365;3,000
3,375;4,000
3,385;3,000
3,395;1,000
3,405;5,000
3,415;3,000
3,425;5,000
3,435;8,000
3,445;0,000
3,455;2,000
3,465;5,000
3,475;2,000
3,485;4,000
3,495;3,000
3,505;4,000
3,515;2,000
3,525;3,000
3,535;2,000
3,545;1,000
3,555;3,000
3,565;3,000
3,575;2,000
3,585;5,000
3,595;1,000
3,605;3,000
3,615;0,000
3,625;4,000
3,635;5,000
3,645;3,000
3,655;4,000
3,665;1,000
3,675;0,000
3,685;2,000
3,695;2,000
3,705;2,000
3,715;5,000
3,725;3,000
3,735;1,000
3,745;4,000
3,755;2,000
3,765;1,000
3,775;1,000
3,785;1,000
3,795;1,000
3,805;1,000
3,815;2,000
3,825;3,000
3,835;1,000
3,845;5,000
3,855;1,000
3,865;3,000
3,875;3,000
3,885;1,000
3,895;5,000
3,905;1,000
3,915;2,000
3,925;1,000
3,935;2,000
3,945;2,000
3,955;2,000
3,965;4,000
3,975;7,000
3,985;2,000
3,995;2,000
4,005;3,000
4,015;1,000
4,025;2,000
4,035;2,000
4,045;1,000
4,055;0,000
4,065;6,000
4,075;0,000
4,085;3,000
4,095;2,000
4,105;4,000
4,115;1,000
4,125;3,000
4,135;1,000
4,145;2,000
4,155;0,000
4,165;1,000
4,175;3,000
4,185;2,000
4,195;9,000
4,205;3,000
4,215;2,000
4,225;2,000
4,235;3,000
4,245;3,000
4,255;2,000
4,265;3,000
4,275;3,000
4,285;0,000
4,295;0,000
4,305;2,000
4,315;2,000
4,325;1,000
4,335;3,000
4,345;1,000
4,355;0,000
4,365;3,000
4,375;1,000
4,385;0,000
4,395;2,000
4,405;1,000
4,415;4,000
4,425;2,000
4,435;0,000
4,445;4,000
4,455;1,000
4,465;4,000
4,475;2,000
4,485;6,000
4,495;1,000
4,505;1,000
4,515;0,000
4,525;5,000
4,535;2,000
4,545;2,000
4,555;0,000
4,565;1,000
4,575;2,000
4,585;0,000
4,595;3,000
4,605;1,000
4,615;3,000
4,625;1,000
4,635;1,000
4,645;0,000
4,655;2,000
4,665;0,000
4,675;0,000
4,685;3,000
4,695;3,000
4,705;2,000
4,715;0,000
4,725;0,000
4,735;0,000
4,745;1,000
4,755;2,000
4,765;0,000
4,775;3,000
4,785;0,000
4,795;1,000
4,805;1,000
4,815;2,000
4,825;3,000
4,835;0,000
4,845;1,000
4,855;1,000
4,865;1,000
4,875;0,000
4,885;2,000
4,895;2,000
4,905;1,000
4,915;1,000
4,925;1,000
4,935;2,000
4,945;1,000
4,955;3,000
4,965;1,000
4,975;2,000
4,985;0,000
4,995;1,000
5,005;0,000
5,015;2,000
5,025;0,000
5,035;1,000
5,045;0,000
5,055;2,000
5,065;0,000
5,075;0,000
5,085;1,000
5,095;1,000
5,105;1,000
5,115;0,000
5,125;1,000
5,135;3,000
5,145;2,000
5,155;1,000
5,165;1,000
5,175;0,000
5,185;0,000
5,195;1,000
5,205;1,000
5,215;0,000
5,225;2,000
5,235;0,000
5,245;1,000
5,255;2,000
5,265;2,000
5,275;1,000
5,285;1,000
5,295;3,000
5,305;0,000
5,315;0,000
5,325;2,000
5,335;1,000
5,345;1,000
5,355;1,000
5,365;0,000
5,375;1,000
5,385;0,000
5,395;0,000
5,405;1,000
5,415;0,000
5,425;2,000
5,435;0,000
5,445;4,000
5,455;13,000
5,465;20,000
5,475;9,000
5,485;4,000
5,495;1,000
5,505;1,000
5,515;0,000
5,525;0,000
5,535;0,000
5,545;2,000
5,555;0,000
5,565;0,000
5,575;0,000
5,585;2,000
5,595;0,000
5,605;0,000
5,615;1,000
5,625;1,000
5,635;0,000
5,645;0,000
5,655;1,000
5,665;0,000
5,675;0,000
5,685;0,000
5,695;0,000
5,705;0,000
5,715;0,000
5,725;0,000
5,735;0,000
5,745;1,000
5,755;1,000
5,765;0,000
5,775;0,000
5,785;1,000
5,795;0,000
5,805;0,000
5,815;0,000
5,825;0,000
5,835;0,000
5,845;0,000
5,855;0,000
5,865;1,000
5,875;1,000
5,885;0,000
5,895;0,000
5,905;0,000
5,915;0,000
5,925;0,000
5,935;0,000
5,945;1,000
5,955;0,000
5,965;0,000
5,975;1,000
5,985;0,000
5,995;1,000
6,005;0,000
6,015;0,000
6,025;0,000
6,035;0,000
6,045;1,000
6,055;1,000
6,065;0,000
6,075;0,000
6,085;0,000
6,095;2,000
6,105;0,000
6,115;0,000
6,125;0,000
6,135;0,000
6,145;0,000
6,155;0,000
6,165;0,000
6,175;1,000
6,185;0,000
6,195;0,000
6,205;1,000
6,215;0,000
6,225;1,000
6,235;0,000
6,245;0,000
6,255;0,000
6,265;1,000
6,275;1,000
6,285;0,000
6,295;0,000
6,305;1,000
6,315;0,000
6,325;0,000
6,335;0,000
6,345;0,000
6,355;0,000
6,365;0,000
6,375;0,000
6,385;0,000
6,395;0,000
6,405;0,000
6,415;0,000
6,425;0,000
6,435;2,000
6,445;0,000
6,455;1,000
6,465;0,000
6,475;0,000
6,485;0,000
6,495;0,000
6,505;0,000
6,515;0,000
6,525;0,000
6,535;0,000
6,545;0,000
6,555;0,000
6,565;0,000
6,575;2,000
6,585;3,000
6,595;1,000
6,605;0,000
6,615;0,000
6,625;0,000
6,635;0,000
6,645;0,000
6,655;0,000
6,665;0,000
6,675;0,000
6,685;0,000
6,695;0,000
6,705;0,000
6,715;0,000
6,725;0,000
6,735;0,000
6,745;0,000
6,755;0,000
6,765;0,000
6,775;0,000
6,785;0,000
6,795;0,000
6,805;0,000
6,815;1,000
6,825;0,000
6,835;0,000
6,845;0,000
6,855;0,000
6,865;0,000
6,875;0,000
6,885;0,000
6,895;0,000
6,905;1,000
6,915;0,000
6,925;0,000
6,935;0,000
6,945;0,000
6,955;0,000
6,965;0,000
6,975;0,000
6,985;0,000
6,995;0,000
7,005;0,000
7,015;1,000
7,025;1,000
7,035;1,000
7,045;0,000
7,055;0,000
7,065;0,000
7,075;0,000
7,085;0,000
7,095;1,000
7,105;0,000
7,115;0,000
7,125;0,000
7,135;0,000
7,145;0,000
7,155;1,000
7,165;0,000
7,175;0,000
7,185;0,000
7,195;0,000
7,205;0,000
7,215;1,000
7,225;0,000
7,235;1,000
7,245;0,000
7,255;0,000
7,265;1,000
7,275;0,000
7,285;0,000
7,295;1,000
7,305;0,000
7,315;0,000
7,325;0,000
7,335;0,000
7,345;0,000
7,355;0,000
7,365;1,000
7,375;0,000
7,385;0,000
7,395;0,000
7,405;0,000
7,415;0,000
7,425;0,000
7,435;0,000
7,445;0,000
7,455;0,000
7,465;0,000
7,475;0,000
7,485;0,000
7,495;0,000
7,505;0,000
7,515;0,000
7,525;0,000
7,535;0,000
7,545;0,000
7,555;0,000
7,565;0,000
7,575;0,000
7,585;0,000
7,595;0,000
7,605;0,000
7,615;0,000
7,625;0,000
7,635;0,000
7,645;0,000
7,655;0,000
7,665;0,000
7,675;0,000
7,685;0,000
7,695;0,000
7,705;0,000
7,715;0,000
7,725;0,000
7,735;0,000
7,745;1,000
7,755;0,000
7,765;0,000
7,775;0,000
7,785;1,000
7,795;0,000
7,805;1,000
7,815;0,000
7,825;1,000
7,835;0,000
7,845;1,000
7,855;0,000
7,865;1,000
7,875;0,000
7,885;0,000
7,895;1,000
7,905;0,000
7,915;0,000
7,925;0,000
7,935;0,000
7,945;0,000
7,955;0,000
7,965;1,000
7,975;1,000
7,985;1,000
7,995;0,000
8,005;0,000
8,015;0,000
8,025;1,000
8,035;1,000
8,045;0,000
8,055;0,000
8,065;0,000
8,075;0,000
8,085;0,000
8,095;0,000
8,105;0,000
8,115;0,000
8,125;0,000
8,135;0,000
8,145;0,000
8,155;0,000
8,165;0,000
8,175;0,000
8,185;1,000
8,195;0,000
8,205;0,000
8,215;0,000
8,225;0,000
8,235;0,000
8,245;0,000
8,255;0,000
8,265;0,000
8,275;0,000
8,285;0,000
8,295;1,000
8,305;0,000
8,315;0,000
8,325;0,000
8,335;0,000
8,345;0,000
8,355;0,000
8,365;0,000
8,375;0,000
8,385;0,000
8,395;0,000
8,405;0,000
8,415;0,000
8,425;0,000
8,435;0,000
8,445;0,000
8,455;0,000
8,465;0,000
8,475;0,000
8,485;0,000
8,495;0,000
8,505;0,000
8,515;0,000
8,525;2,000
8,535;0,000
8,545;0,000
8,555;1,000
8,565;2,000
8,575;0,000
8,585;0,000
8,595;1,000
8,605;0,000
8,615;0,000
8,625;0,000
8,635;0,000
8,645;0,000
8,655;1,000
8,665;0,000
8,675;1,000
8,685;0,000
8,695;0,000
8,705;0,000
8,715;0,000
8,725;0,000
8,735;0,000
8,745;1,000
8,755;0,000
8,765;0,000
8,775;0,000
8,785;0,000
8,795;0,000
8,805;0,000
8,815;0,000
8,825;0,000
8,835;1,000
8,845;0,000
8,855;0,000
8,865;0,000
8,875;0,000
8,885;0,000
8,895;0,000
8,905;0,000
8,915;0,000
8,925;0,000
8,935;0,000
8,945;0,000
8,955;0,000
8,965;1,000
8,975;0,000
8,985;0,000
8,995;0,000
9,005;1,000
9,015;0,000
9,025;0,000
9,035;0,000
9,045;0,000
9,055;0,000
9,065;1,000
9,075;0,000
9,085;0,000
9,095;0,000
9,105;0,000
9,115;0,000
9,125;0,000
9,135;0,000
9,145;0,000
9,155;0,000
9,165;0,000
9,175;0,000
9,185;0,000
9,195;0,000
9,205;2,000
9,215;0,000
9,225;0,000
9,235;0,000
9,245;0,000
9,255;0,000
9,265;0,000
9,275;0,000
9,285;0,000
9,295;0,000
9,305;0,000
9,315;0,000
9,325;0,000
9,335;0,000
9,345;0,000
9,355;0,000
9,365;0,000
9,375;0,000
9,385;0,000
9,395;0,000
9,405;1,000
9,415;0,000
9,425;0,000
9,435;0,000
9,445;0,000
9,455;0,000
9,465;0,000
9,475;0,000
9,485;0,000
9,495;0,000
9,505;0,000
9,515;0,000
9,525;0,000
9,535;0,000
9,545;0,000
9,555;0,000
9,565;0,000
9,575;0,000
9,585;0,000
9,595;0,000
9,605;0,000
9,615;0,000
9,625;0,000
9,635;0,000
9,645;0,000
9,655;0,000
9,665;0,000
9,675;0,000
9,685;0,000
9,695;0,000
9,705;1,000
9,715;1,000
9,725;3,000
9,735;2,000
9,745;0,000
9,755;0,000
9,765;1,000
9,775;0,000
9,785;0,000
9,795;0,000
9,805;0,000
9,815;0,000
9,825;0,000
9,835;0,000
9,845;0,000
9,855;0,000
9,865;0,000
9,875;0,000
9,885;0,000
9,895;0,000
9,905;0,000
9,915;0,000
9,925;0,000
9,935;0,000
9,945;5,000
9,955;1,000
9,965;4,000
9,975;16,000
9,985;0,000
9,995;0,000
