0,005;0,000
0,015;0,000
0,025;0,000
0,035;0,000
0,045;0,000
0,055;0,000
0,065;0,000
0,075;0,000
0,085;0,000
0,095;0,000
0,105;0,000
0,115;0,000
0,125;0,000
0,135;0,000
0,145;0,000
0,155;0,000
0,165;0,000
0,175;0,000
0,185;0,000
0,195;0,000
0,205;0,000
0,215;0,000
0,225;0,000
0,235;0,000
0,245;0,000
0,255;0,000
0,265;0,000
0,275;0,000
0,285;0,000
0,295;0,000
0,305;0,000
0,315;0,000
0,325;0,000
0,335;0,000
0,345;0,000
0,355;0,000
0,365;0,000
0,375;0,000
0,385;0,000
0,395;0,000
0,405;0,000
0,415;0,000
0,425;0,000
0,435;0,000
0,445;0,000
0,455;0,000
0,465;0,000
0,475;0,000
0,485;0,000
0,495;0,000
0,505;0,000
0,515;0,000
0,525;0,000
0,535;0,000
0,545;0,000
0,555;0,000
0,565;0,000
0,575;0,000
0,585;0,000
0,595;0,000
0,605;0,000
0,615;0,000
0,625;0,000
0,635;0,000
0,645;0,000
0,655;0,000
0,665;0,000
0,675;0,000
0,685;0,000
0,695;0,000
0,705;0,000
0,715;0,000
0,725;0,000
0,735;0,000
0,745;0,000
0,755;0,000
0,765;0,000
0,775;0,000
0,785;0,000
0,795;0,000
0,805;0,000
0,815;0,000
0,825;0,000
0,835;0,000
0,845;0,000
0,855;0,000
0,865;0,000
0,875;0,000
0,885;0,000
0,895;0,000
0,905;0,000
0,915;0,000
0,925;0,000
0,935;0,000
0,945;0,000
0,955;0,000
0,965;0,000
0,975;0,000
0,985;0,000
0,995;0,000
1,005;7,000
1,015;97,000
1,025;292,000
1,035;349,000
1,045;339,000
1,055;314,000
1,065;315,000
1,075;306,000
1,085;310,000
1,095;314,000
1,105;336,000
1,115;260,000
1,125;304,000
1,135;308,000
1,145;324,000
1,155;344,000
1,165;321,000
1,175;318,000
1,185;333,000
1,195;328,000
1,205;343,000
1,215;328,000
1,225;301,000
1,235;318,000
1,245;315,000
1,255;292,000
1,265;323,000
1,275;334,000
1,285;287,000
1,295;333,000
1,305;336,000
1,315;314,000
1,325;324,000
1,335;311,000
1,345;354,000
1,355;356,000
1,365;345,000
1,375;330,000
1,385;356,000
1,395;315,000
1,405;319,000
1,415;322,000
1,425;344,000
1,435;309,000
1,445;323,000
1,455;337,000
1,465;312,000
1,475;338,000
1,485;348,000
1,495;344,000
1,505;367,000
1,515;341,000
1,525;332,000
1,535;382,000
1,545;356,000
1,555;397,000
1,565;351,000
1,575;420,000
1,585;378,000
1,595;414,000
1,605;392,000
1,615;359,000
1,625;380,000
1,635;414,000
1,645;457,000
1,655;413,000
1,665;428,000
1,675;452,000
1,685;432,000
1,695;507,000
1,705;480,000
1,715;495,000
1,725;473,000
1,735;506,000
1,745;460,000
1,755;484,000
1,765;519,000
1,775;491,000
1,785;497,000
1,795;536,000
1,805;447,000
1,815;441,000
1,825;399,000
1,835;356,000
1,845;289,000
1,855;270,000
1,865;311,000
1,875;305,000
1,885;259,000
1,895;213,000
1,905;219,000
1,915;216,000
1,925;245,000
1,935;194,000
1,945;232,000
1,955;213,000
1,965;203,000
1,975;180,000
1,985;180,000
1,995;174,000
2,005;156,000
2,015;188,000
2,025;149,000
2,035;139,000
2,045;147,000
2,055;138,000
2,065;111,000
2,075;130,000
2,085;128,000
2,095;135,000
2,105;105,000
2,115;107,000
2,125;91,000
2,135;90,000
2,145;77,000
2,155;105,000
2,165;108,000
2,175;84,000
2,185;83,000
2,195;79,000
2,205;85,000
2,215;103,000
2,225;98,000
2,235;91,000
2,245;89,000
2,255;69,000
2,265;66,000
2,275;91,000
2,285;84,000
2,295;74,000
2,305;74,000
2,315;84,000
2,325;84,000
2,335;86,000
2,345;89,000
2,355;83,000
2,365;72,000
2,375;61,000
2,385;60,000
2,395;76,000
2,405;55,000
2,415;60,000
2,425;60,000
2,435;70,000
2,445;50,000
2,455;65,000
2,465;65,000
2,475;63,000
2,485;482,000
2,495;4747,000
2,505;8173,000
2,515;3472,000
2,525;503,000
2,535;54,000
2,545;21,000
2,555;7,000
2,565;11,000
2,575;13,000
2,585;13,000
2,595;10,000
2,605;11,000
2,615;9,000
2,625;14,000
2,635;8,000
2,645;11,000
2,655;10,000
2,665;6,000
2,675;5,000
2,685;9,000
2,695;3,000
2,705;7,000
2,715;1,000
2,725;5,000
2,735;8,000
2,745;6,000
2,755;9,000
2,765;7,000
2,775;6,000
2,785;3,000
2,795;6,000
2,805;2,000
2,815;8,000
2,825;2,000
2,835;8,000
2,845;2,000
2,855;9,000
2,865;1,000
2,875;3,000
2,885;6,000
2,895;6,000
2,905;6,000
2,915;5,000
2,925;7,000
2,935;5,000
2,945;5,000
2,955;10,000
2,965;4,000
2,975;6,000
2,985;6,000
2,995;5,000
3,005;5,000
3,015;2,000
3,025;6,000
3,035;5,000
3,045;4,000
3,055;2,000
3,065;4,000
3,075;3,000
3,085;3,000
3,095;10,000
3,105;3,000
3,115;6,000
3,125;2,000
3,135;4,000
3,145;9,000
3,155;3,000
3,165;2,000
3,175;1,000
3,185;2,000
3,195;2,000
3,205;1,000
3,215;1,000
3,225;3,000
3,235;5,000
3,245;5,000
3,255;3,000
3,265;2,000
3,275;4,000
3,285;3,000
3,295;5,000
3,305;5,000
3,315;1,000
3,325;6,000
3,335;5,000
3,345;1,000
3,355;5,000
3,365;4,000
3,375;2,000
3,385;3,000
3,395;5,000
3,405;4,000
3,415;3,000
3,425;5,000
3,435;3,000
3,445;2,000
3,455;4,000
3,465;0,000
3,475;3,000
3,485;3,000
3,495;3,000
3,505;4,000
3,515;3,000
3,525;8,000
3,535;1,000
3,545;1,000
3,555;2,000
3,565;1,000
3,575;2,000
3,585;6,000
3,595;1,000
3,605;3,000
3,615;2,000
3,625;6,000
3,635;2,000
3,645;3,000
3,655;2,000
3,665;1,000
3,675;3,000
3,685;1,000
3,695;5,000
3,705;5,000
3,715;4,000
3,725;4,000
3,735;0,000
3,745;2,000
3,755;1,000
3,765;3,000
3,775;2,000
3,785;5,000
3,795;1,000
3,805;5,000
3,815;3,000
3,825;1,000
3,835;0,000
3,845;1,000
3,855;5,000
3,865;6,000
3,875;2,000
3,885;4,000
3,895;1,000
3,905;5,000
3,915;1,000
3,925;3,000
3,935;6,000
3,945;4,000
3,955;2,000
3,965;2,000
3,975;2,000
3,985;3,000
3,995;1,000
4,005;2,000
4,015;4,000
4,025;2,000
4,035;0,000
4,045;3,000
4,055;2,000
4,065;4,000
4,075;1,000
4,085;1,000
4,095;4,000
4,105;1,000
4,115;0,000
4,125;3,000
4,135;2,000
4,145;3,000
4,155;3,000
4,165;2,000
4,175;2,000
4,185;3,000
4,195;1,000
4,205;2,000
4,215;2,000
4,225;2,000
4,235;2,000
4,245;2,000
4,255;4,000
4,265;2,000
4,275;5,000
4,285;4,000
4,295;5,000
4,305;0,000
4,315;2,000
4,325;2,000
4,335;5,000
4,345;0,000
4,355;3,000
4,365;5,000
4,375;2,000
4,385;4,000
4,395;3,000
4,405;1,000
4,415;5,000
4,425;2,000
4,435;0,000
4,445;5,000
4,455;1,000
4,465;3,000
4,475;3,000
4,485;0,000
4,495;2,000
4,505;2,000
4,515;2,000
4,525;3,000
4,535;1,000
4,545;2,000
4,555;2,000
4,565;3,000
4,575;1,000
4,585;3,000
4,595;0,000
4,605;1,000
4,615;1,000
4,625;2,000
4,635;0,000
4,645;6,000
4,655;0,000
4,665;0,000
4,675;0,000
4,685;2,000
4,695;3,000
4,705;0,000
4,715;1,000
4,725;2,000
4,735;0,000
4,745;1,000
4,755;2,000
4,765;1,000
4,775;1,000
4,785;0,000
4,795;2,000
4,805;0,000
4,815;1,000
4,825;3,000
4,835;2,000
4,845;2,000
4,855;3,000
4,865;2,000
4,875;1,000
4,885;2,000
4,895;2,000
4,905;1,000
4,915;0,000
4,925;0,000
4,935;1,000
4,945;1,000
4,955;0,000
4,965;0,000
4,975;0,000
4,985;0,000
4,995;2,000
5,005;2,000
5,015;1,000
5,025;2,000
5,035;0,000
5,045;1,000
5,055;0,000
5,065;1,000
5,075;0,000
5,085;0,000
5,095;0,000
5,105;0,000
5,115;0,000
5,125;1,000
5,135;0,000
5,145;2,000
5,155;0,000
5,165;0,000
5,175;0,000
5,185;0,000
5,195;0,000
5,205;1,000
5,215;0,000
5,225;0,000
5,235;1,000
5,245;0,000
5,255;1,000
5,265;2,000
5,275;0,000
5,285;0,000
5,295;1,000
5,305;1,000
5,315;1,000
5,325;1,000
5,335;0,000
5,345;0,000
5,355;1,000
5,365;0,000
5,375;2,000
5,385;0,000
5,395;0,000
5,405;0,000
5,415;1,000
5,425;0,000
5,435;2,000
5,445;0,000
5,455;16,000
5,465;24,000
5,475;10,000
5,485;1,000
5,495;1,000
5,505;0,000
5,515;1,000
5,525;0,000
5,535;0,000
5,545;0,000
5,555;2,000
5,565;0,000
5,575;0,000
5,585;0,000
5,595;0,000
5,605;0,000
5,615;1,000
5,625;0,000
5,635;0,000
5,645;1,000
5,655;1,000
5,665;2,000
5,675;0,000
5,685;0,000
5,695;0,000
5,705;1,000
5,715;1,000
5,725;0,000
5,735;0,000
5,745;1,000
5,755;0,000
5,765;0,000
5,775;1,000
5,785;0,000
5,795;0,000
5,805;0,000
5,815;0,000
5,825;0,000
5,835;0,000
5,845;0,000
5,855;0,000
5,865;0,000
5,875;0,000
5,885;0,000
5,895;0,000
5,905;0,000
5,915;1,000
5,925;1,000
5,935;2,000
5,945;0,000
5,955;1,000
5,965;1,000
5,975;0,000
5,985;0,000
5,995;0,000
6,005;0,000
6,015;0,000
6,025;0,000
6,035;0,000
6,045;0,000
6,055;0,000
6,065;0,000
6,075;0,000
6,085;0,000
6,095;0,000
6,105;0,000
6,115;0,000
6,125;0,000
6,135;0,000
6,145;0,000
6,155;0,000
6,165;0,000
6,175;0,000
6,185;0,000
6,195;0,000
6,205;0,000
6,215;0,000
6,225;0,000
6,235;0,000
6,245;1,000
6,255;0,000
6,265;0,000
6,275;0,000
6,285;1,000
6,295;0,000
6,305;0,000
6,315;0,000
6,325;0,000
6,335;0,000
6,345;0,000
6,355;0,000
6,365;0,000
6,375;0,000
6,385;1,000
6,395;0,000
6,405;0,000
6,415;0,000
6,425;0,000
6,435;0,000
6,445;0,000
6,455;0,000
6,465;0,000
6,475;0,000
6,485;0,000
6,495;0,000
6,505;0,000
6,515;0,000
6,525;0,000
6,535;0,000
6,545;0,000
6,555;2,000
6,565;0,000
6,575;0,000
6,585;2,000
6,595;1,000
6,605;0,000
6,615;0,000
6,625;1,000
6,635;0,000
6,645;0,000
6,655;0,000
6,665;0,000
6,675;0,000
6,685;0,000
6,695;0,000
6,705;0,000
6,715;0,000
6,725;0,000
6,735;0,000
6,745;0,000
6,755;0,000
6,765;0,000
6,775;0,000
6,785;0,000
6,795;0,000
6,805;0,000
6,815;1,000
6,825;0,000
6,835;0,000
6,845;0,000
6,855;0,000
6,865;0,000
6,875;0,000
6,885;0,000
6,895;0,000
6,905;0,000
6,915;0,000
6,925;0,000
6,935;0,000
6,945;0,000
6,955;0,000
6,965;0,000
6,975;0,000
6,985;1,000
6,995;0,000
7,005;0,000
7,015;1,000
7,025;0,000
7,035;0,000
7,045;1,000
7,055;0,000
7,065;0,000
7,075;1,000
7,085;0,000
7,095;0,000
7,105;0,000
7,115;0,000
7,125;0,000
7,135;1,000
7,145;1,000
7,155;1,000
7,165;0,000
7,175;0,000
7,185;0,000
7,195;0,000
7,205;0,000
7,215;0,000
7,225;0,000
7,235;0,000
7,245;0,000
7,255;0,000
7,265;0,000
7,275;0,000
7,285;0,000
7,295;1,000
7,305;0,000
7,315;0,000
7,325;0,000
7,335;1,000
7,345;0,000
7,355;0,000
7,365;1,000
7,375;0,000
7,385;0,000
7,395;0,000
7,405;0,000
7,415;0,000
7,425;0,000
7,435;0,000
7,445;1,000
7,455;0,000
7,465;0,000
7,475;1,000
7,485;0,000
7,495;0,000
7,505;0,000
7,515;0,000
7,525;1,000
7,535;0,000
7,545;0,000
7,555;0,000
7,565;0,000
7,575;0,000
7,585;1,000
7,595;1,000
7,605;1,000
7,615;0,000
7,625;0,000
7,635;0,000
7,645;0,000
7,655;0,000
7,665;0,000
7,675;0,000
7,685;0,000
7,695;0,000
7,705;2,000
7,715;0,000
7,725;0,000
7,735;0,000
7,745;0,000
7,755;0,000
7,765;0,000
7,775;0,000
7,785;1,000
7,795;0,000
7,805;0,000
7,815;1,000
7,825;0,000
7,835;0,000
7,845;1,000
7,855;0,000
7,865;0,000
7,875;0,000
7,885;0,000
7,895;0,000
7,905;0,000
7,915;0,000
7,925;0,000
7,935;0,000
7,945;0,000
7,955;0,000
7,965;0,000
7,975;0,000
7,985;0,000
7,995;0,000
8,005;0,000
8,015;0,000
8,025;0,000
8,035;0,000
8,045;0,000
8,055;0,000
8,065;1,000
8,075;0,000
8,085;0,000
8,095;0,000
8,105;0,000
8,115;0,000
8,125;0,000
8,135;2,000
8,145;0,000
8,155;0,000
8,165;0,000
8,175;1,000
8,185;0,000
8,195;0,000
8,205;1,000
8,215;1,000
8,225;1,000
8,235;0,000
8,245;0,000
8,255;1,000
8,265;0,000
8,275;0,000
8,285;0,000
8,295;0,000
8,305;0,000
8,315;1,000
8,325;0,000
8,335;0,000
8,345;0,000
8,355;1,000
8,365;0,000
8,375;0,000
8,385;0,000
8,395;0,000
8,405;1,000
8,415;0,000
8,425;0,000
8,435;0,000
8,445;0,000
8,455;0,000
8,465;0,000
8,475;0,000
8,485;0,000
8,495;0,000
8,505;0,000
8,515;0,000
8,525;0,000
8,535;0,000
8,545;0,000
8,555;0,000
8,565;0,000
8,575;0,000
8,585;0,000
8,595;0,000
8,605;0,000
8,615;2,000
8,625;0,000
8,635;0,000
8,645;0,000
8,655;0,000
8,665;0,000
8,675;0,000
8,685;0,000
8,695;1,000
8,705;0,000
8,715;0,000
8,725;0,000
8,735;0,000
8,745;0,000
8,755;1,000
8,765;0,000
8,775;0,000
8,785;1,000
8,795;0,000
8,805;0,000
8,815;1,000
8,825;0,000
8,835;0,000
8,845;0,000
8,855;0,000
8,865;0,000
8,875;0,000
8,885;0,000
8,895;0,000
8,905;2,000
8,915;0,000
8,925;0,000
8,935;0,000
8,945;1,000
8,955;0,000
8,965;0,000
8,975;0,000
8,985;0,000
8,995;0,000
9,005;0,000
9,015;0,000
9,025;1,000
9,035;0,000
9,045;0,000
9,055;0,000
9,065;0,000
9,075;0,000
9,085;0,000
9,095;0,000
9,105;0,000
9,115;0,000
9,125;0,000
9,135;0,000
9,145;0,000
9,155;0,000
9,165;0,000
9,175;0,000
9,185;0,000
9,195;0,000
9,205;0,000
9,215;0,000
9,225;0,000
9,235;0,000
9,245;0,000
9,255;0,000
9,265;0,000
9,275;1,000
9,285;0,000
9,295;0,000
9,305;0,000
9,315;2,000
9,325;0,000
9,335;0,000
9,345;0,000
9,355;0,000
9,365;0,000
9,375;0,000
9,385;0,000
9,395;0,000
9,405;0,000
9,415;0,000
9,425;0,000
9,435;0,000
9,445;0,000
9,455;0,000
9,465;0,000
9,475;0,000
9,485;0,000
9,495;0,000
9,505;0,000
9,515;0,000
9,525;0,000
9,535;0,000
9,545;0,000
9,555;0,000
9,565;0,000
9,575;0,000
9,585;1,000
9,595;0,000
9,605;0,000
9,615;0,000
9,625;0,000
9,635;0,000
9,645;0,000
9,655;1,000
9,665;0,000
9,675;0,000
9,685;0,000
9,695;0,000
9,705;0,000
9,715;1,000
9,725;1,000
9,735;5,000
9,745;2,000
9,755;0,000
9,765;0,000
9,775;0,000
9,785;0,000
9,795;0,000
9,805;0,000
9,815;0,000
9,825;0,000
9,835;0,000
9,845;0,000
9,855;0,000
9,865;0,000
9,875;0,000
9,885;0,000
9,895;0,000
9,905;0,000
9,915;0,000
9,925;0,000
9,935;0,000
9,945;2,000
9,955;0,000
9,965;2,000
9,975;20,000
9,985;7,000
9,995;0,000
