doppelspalt_koh
Position		g2		Rate D1		Rate D2		Rate Koinz.		
8000		1,38444866726616E-08		440096,128623807		3246,60614166278		19,7812627527328		
8025		7,86013252518675E-09		438730,624987164		3189,62792535731		10,9993708359882		
8050		1,11742824083703E-08		442293,635212038		2984,11201008822		14,7484185270813		
8075		1,39700471137141E-08		443822,433479349		2877,06307500422		17,8384248987942		
8100		1,47383965691574E-08		446087,549365415		2996,87586763001		19,7033056531444		
8125		1,47076513619178E-08		445639,204069195		2713,56625188291		17,7855436927077		
8150		1,64305932222505E-08		445826,697013698		2697,7724868665		19,7617152141197		
8175		9,6663729390299E-09		442537,347318712		2543,3327480572		10,8796934379327		
8200		1,24585343859268E-08		438492,612701317		2344,35412699333		12,8071486745438		
8225		7,62827523813972E-09		438448,17593607		2076,19445349855		6,94404695286788		
8250		2,05649424107559E-08		434834,625875551		1760,96117213351		15,7471294459313		
8275		1,64302027007392E-08		433763,669525954		1535,69751231913		10,9446474455442		
8300		1,54108236675765E-08		433749,767639905		1190,78669054336		7,95974359675939		
8325		1,79673906262226E-08		435245,606396239		1011,79981896293		7,91250510109313		
8350		2,0792141081356E-08		438658,003786555		868,397348954991		7,92033881625388		
8375		2,3187739222153E-08		438822,830703016		783,039776331205		7,96767196775802		
8400		1,48150508981787E-08		438741,280817321		766,125321188091		4,97979497984876		
8425		4,95263903777465E-09		438862,453143228		918,274102827776		1,99589384758736		
8450		1,09083040862388E-08		441176,748593986		1036,8300993373		4,9897346189684		
8475		2,05457361044805E-08		442243,354235952		1317,97043718535		11,9753630855242		
8500		1,72808177481453E-08		442902,965507749		1825,4191460448		13,9712569331115		
8525		1,53824813257554E-08		444090,238504795		2195,67872844828		14,9991420490748		
8550		1,67151993758809E-08		443423,852062641		2560,73180645458		18,9799344133382		
8575		1,17569649664712E-08		440770,252872451		3244,63160055989		16,8140716768051		
8600		1,37186718256204E-08		443448,822423558		3921,32485768441		23,8554929658103		
8625		1,45375023834329E-08		442299,130525875		4792,17871946947		30,81334814362		
8650		1,54298578521771E-08		437426,030440594		5726,40496415156		38,6499206140541		
8675		1,63661625148091E-08		434800,093052689		6645,28862618303		47,2879335675465		
8700		1,35110572936083E-08		435520,062698684		7578,77420480293		44,5960578274109		
8725		1,58662040380152E-08		438012,341674482		8080,24659219783		56,1544266436007		
8750		1,29300175132263E-08		439815,63243894		8590,14634023911		48,8506489110841		
8775		1,56656294330334E-08		441572,132649264		8791,32918184467		60,8140670713361		
8800		1,30970294462193E-08		441003,620568407		8975,58247167941		51,8415049668648		
8825		1,60076310142295E-08		440709,113657676		9044,30274162585		63,8049228289428		
8850		1,84773368829415E-08		440968,800292521		8320,24145233131		67,7927372643617		
8875		1,54741909459426E-08		441416,112043242		7948,26331432719		54,2910672439288		
8900		1,89132584761713E-08		440141,490920638		7240,45486442581		60,2732373585777		
8925		1,37430844251903E-08		439171,321518721		6620,37989244727		39,9577566596594		
8950		1,64537104177996E-08		439220,128379493		5673,00193505407		40,9976549341378		
8975		1,34650965293414E-08		438802,813840939		4835,35341138464		28,5697931970594		
9000		1,36774693734664E-08		439445,483323834		3988,79385440334		23,9746539957956		
9025		1,81545795032647E-08		438322,131758926		2997,84242728519		23,8554929658103		
9050		1,58422959042214E-08		439191,596901768		2147,1410488595		14,9393849395463		
9075		2,19821702265995E-08		436454,67413105		1558,67582869266		14,9542802789033		
9100		1,31741547901705E-08		434596,030575365		1044,76098677227		5,98171151521339		
9125		2,59475183008578E-08		436181,057917687		793,573806800469		8,98152231414311		
9150		1,03902009755868E-08		436588,322577157		659,32478966593		2,99085575760669		
9175		1,89010861700092E-08		437684,822423921		724,509466674211		5,9936629002156		
9200		1,00603800900232E-08		437839,509972239		906,229294554828		3,99178769517472		
9225		1,08122195271688E-08		439208,164956462		1052,83400460233		4,99971401635826		
9250		1,88766806214001E-08		438904,180527204		1307,99606833507		10,8368181092294		
9275		1,29257136490668E-08		439180,440125768		1577,44447236421		8,95471154635431		
9300		1,43058708934246E-08		437750,39985346		1742,47453957585		10,9120737830781		
9325		1,25538457119453E-08		436797,228292056		1976,26493996751		10,8368191768352		
9350		1,88868954087239E-08		436872,643959217		2295,68548571028		18,9420864648424		
9375		1,6609880181106E-08		437232,970943693		2475,90631793212		17,9809904968467		
9400		2,31900412286473E-08		436985,808678402		2627,4358088468		26,6256959661084		
9425		1,61540951387856E-08		437604,89680659		2789,98835534521		19,7227377526729		
9450		1,2243368011737E-08		437795,056445581		2972,96423338963		15,935343935516		
9475		1,8904785044362E-08		438322,859279912		3007,79616782865		24,9238004648388		
9500		1,05513098350161E-08		439792,585563335		3010,79509615253		13,9712569331115		
9525		1,96932076782071E-08		436830,603509321		2900,13313295929		24,948673094842		
9550		1,65371623096016E-08		437625,521845107		2727,92266767784		19,7422062705196		
9575		1,62911789033875E-08		437320,779963236		2496,4019829072		17,7855436927077		
9600		1,54119983194409E-08		437467,021307746		2220,21192406337		14,9692038569052		
9625		1,49900069276706E-08		441192,859970669		2112,54111678953		13,9712569331115		
9650		5,31315505198588E-09		438541,725807031		2114,05233618038		4,92582689856146		
9675		1,29012434163087E-08		438357,408650143		2117,52608749271		11,9753630855242		
9700		1,59379697392303E-08		437220,044426312		2415,29194322106		16,8307199845395		
9725		1,77769895593323E-08		437729,395038515		2785,27379487453		21,6736383536704		
9750		1,17979764129106E-08		438407,347492564		3273,44487986457		16,9313029314858		
9775		1,27034813844854E-08		438457,002859478		3755,00904177124		20,9151389153648		
9800		1,38637020952188E-08		437489,374987091		4265,16377046044		25,869166689468		
9825		1,53256382761291E-08		437984,796341863		4701,20919198706		31,5563804042767		
9850		1,7878882181698E-08		437315,190025507		5166,04316229554		40,391776588946		
9875		1,59903674772957E-08		436051,668685623		5862,21406642548		40,8750286872915		
9900		1,6863416560071E-08		437469,498013795		6493,14784976413		47,9014475617864		
9925		1,63618004027843E-08		439021,713300455		7085,33728977026		50,8952931134776		
9950		1,62803942431472E-08		439995,717376744		8088,2709204877		57,9387413687508		
9975		1,59446873956005E-08		438863,548795877		8746,04805642281		61,2008394386106		
10000		1,26448179150454E-08		439788,453914865		9417,0333206029		52,3685453174171		
10025		1,19662023638696E-08		439232,135591855		9693,05847080801		50,9461397410658		
10050		1,43080296054985E-08		437377,7452016		9907,98854067432		62,0043282957933		
10075		1,65359863804696E-08		437050,710447431		10080,1818599994		72,8501254369386		
10100		1,46567718187989E-08		439380,987984976		9531,60145740431		61,3826258259676		
10125		1,20035706740564E-08		438151,575822502		8795,17497133268		46,2571973000363		
10150		1,49568642530426E-08		437949,251717713		8161,74820452914		53,4622870097137		
10175		1,66899054125968E-08		439002,505285976		7424,47640594476		54,3984725700153		
10200		1,25232953797973E-08		438500,240701227		7073,22715367031		38,8424008428203		
10225		1,53978652217707E-08		437769,398691793		7092,13154471262		47,8060318065481		
10250		1,27338381967705E-08		437527,676102012		6971,74042281163		38,8424008428203		
10275		1,53582951716332E-08		440135,074374581		7183,74801756375		48,5601566689397		
10300		1,4766205638319E-08		439594,312301892		7596,0223140783		49,3068443816823		
10325		1,6218949309147E-08		440680,533599667		8221,42016750285		58,7615749098035		
10350		1,6652766931307E-08		441356,837792863		8409,87692437933		61,8110189905383		
10375		1,37615477245061E-08		439263,425226915		8914,74406150635		53,8891338848587		
10400		1,25353091864592E-08		438381,883623574		9261,68332938873		50,895288034398		
10425		1,47022185229423E-08		438549,628736365		9286,60712736878		59,8768154276208		
10450		1,58856594757338E-08		440299,931742612		10131,1803002031		70,8620825066911		
10475		1,72306683903768E-08		440061,988537883		10476,5838777467		79,4393488515453		
10500		1,28447058126529E-08		441242,943823554		10575,2435514416		59,936629002156		
10525		1,40511990919517E-08		439114,384619661		11006,2531328099		67,9095024192022		
10550		1,49406057139164E-08		440587,804449498		11580,9402785874		76,2332611064436		
10575		1,61444012283672E-08		439736,549473639		11960,3938816672		84,910224419721		
10600		1,38262159605499E-08		438120,028665684		13238,6087878845		80,1934305145706		
10625		1,47063718585197E-08		439554,399226684		14482,7534743037		93,6201456211567		
10650		1,4298406590528E-08		438496,268733784		16027,9109295443		100,491762909087		
10675		1,47521370570726E-08		439542,471479016		18450,1404003397		119,634230304268		
10700		1,62112409578392E-08		439428,589906548		20852,3934986187		148,545835961132		
10725		1,45116542065769E-08		436909,374529256		23452,2992853948		148,694091645258		
10750		1,65266873319672E-08		437867,396824126		26201,890340473		189,609915520799		
10775		1,44076190691782E-08		437835,362163721		28979,3807200447		182,806718456576		
10800		1,49812879967462E-08		439610,977358921		31397,4061163967		206,781390713737		
10825		1,40636055045404E-08		439438,976353446		33944,1632784709		209,778201507546		
10850		1,55516434809908E-08		437801,388086283		36607,589348396		249,243910684434		
10875		1,417435637102E-08		437766,643173441		38573,8800122009		239,353255634519		
10900		1,47979954661162E-08		437157,675547658		41270,2777528175		266,979791600106		
10925		1,49897569561168E-08		438665,697709853		43837,6116718647		288,253873336875		
10950		1,54384148772716E-08		439244,741934784		46542,5257612973		315,616156479541		
10975		1,57008703280126E-08		438094,500324537		48505,6295984632		333,644272634695		
11000		1,53373907373774E-08		438118,487221282		50434,1237966608		338,896857234083		
11025		1,61467545555054E-08		437761,26116052		51993,0451740323		367,508869512839		
11050		1,60305936315443E-08		437054,498668863		53307,3978354472		373,484586291124		
11075		1,5621712514247E-08		438205,569761172		53977,0112655246		369,500787504778		
11100		1,48133775928025E-08		437663,807718365		53459,6279317353		346,593696078163		
11125		1,39449891184297E-08		437736,411686211		51609,5992121566		315,036837875563		
11150		1,44512025772199E-08		437102,354840395		49449,8121443499		312,357387147422		
11175		1,48599083017469E-08		437126,359795131		46397,1453677526		301,379970985691		
11200		1,52076059715382E-08		439557,618954793		43227,6885765258		288,960631447496		
11225		1,47127474661292E-08		439675,368304077		38797,3875925552		250,973808017684		
11250		1,41446486038642E-08		439658,131098879		34662,0243268232		215,556535539435		
11275		1,61644506956254E-08		439679,185335377		31434,7823393767		223,412421002303		
11300		1,42469048383721E-08		439637,574971057		27922,3894387093		174,891179644959		
11325		1,4610089940802E-08		437862,664005407		25151,4213190961		160,89899698724		
11350		1,31150643553417E-08		437553,470537074		23118,3617791189		132,665688306718		
11375		1,44953029104711E-08		438233,145979482		22195,3375320952		140,991935261303		
11400		1,73523049656276E-08		437210,760642172		21924,0179100879		166,329071142684		
11425		1,64253035795057E-08		437080,601505541		23420,5967860139		168,140716768051		
11450		1,55887538150551E-08		438419,882240536		26811,4562728789		183,240742574243		
11475		1,47798088213304E-08		438415,217925846		32054,4901630628		207,703258903695		
11500		1,43415837972496E-08		439611,671812862		39767,9422676021		250,726044385025		
11525		1,53915806599823E-08		439580,995321195		49995,1633202013		338,259593071731		
11550		1,48270266459293E-08		439171,492488503		62653,7561835871		407,976663734834		
11575		1,49862517114801E-08		438718,256241383		76418,8583310344		502,434294155182		
11600		1,36120430445865E-08		440059,502574255		90553,7038650385		542,426546654876		
11625		1,49111586422713E-08		440688,906144742		104513,82089223		686,779358603576		
11650		1,47685830030404E-08		439598,639842005		116540,036745193		756,606937080744		
11675		1,50426689976E-08		440187,265965712		126192,587604784		835,595745114785		
11700		1,49000980434866E-08		437130,00017077		131808,677330484		858,506803468605		
11725		1,46349689789018E-08		438358,642522917		135063,914253662		866,484326493685		
11750		1,4947405359431E-08		439774,024866966		136344,781050886		896,259775362806		
11775		1,65701709733002E-08		440386,744042008		135116,777188236		985,985448091006		
11800		1,53139385765015E-08		441472,768389536		131815,985805		891,166602947756		
11825		1,55209389251453E-08		441021,598964362		127110,495577449		870,080151264084		
11850		1,43561495353944E-08		438870,711468203		121634,551985904		766,357711526656		
11875		1,5518946979837E-08		439304,260703037		112902,727474905		769,718807589961		
11900		1,49305529644967E-08		437219,245877654		103702,365858814		676,961277814909		
11925		1,56228652193134E-08		438553,211267193		93166,3289115303		638,325162638059		
11950		1,50815925603957E-08		440545,077480112		82091,1139512681		545,42332391962		
11975		1,48902629794683E-08		443109,24463847		68914,4436375421		454,698407502484		
12000		1,58287936567775E-08		440788,47027281		56643,5830012508		395,210760536438		
12025		1,45911149847023E-08		439433,062925996		45172,6136527035		289,638593101222		
12050		1,52834030922151E-08		441782,03493206		35513,8711739765		239,787275852377		
12075		1,50880404224462E-08		439615,687621423		27655,7894000881		183,439171421214		
12100		1,42576995271705E-08		441037,415853468		24574,2922665577		154,527547476346		
12125		1,4523061731002E-08		440251,178486319		25727,6127838906		164,497083067936		
12150		1,67923172574055E-08		439159,745923096		31872,8032973238		235,046299639214		
12175		1,71707806896192E-08		441299,484756383		42585,6232106123		322,6907146942		
12200		1,6667666671009E-08		439672,089762124		57168,4994510186		418,948362539337		
12225		1,64405661161768E-08		440224,564266224		71562,2128466639		517,93445344892		
12250		1,7682425124607E-08		437331,570884294		86807,5944606959		671,290311882278		
12275		1,65435539759221E-08		437127,355754028		102772,565999968		743,214199626735		
12300		1,81070833073673E-08		434666,986177336		116055,251065214		913,418810587124		
12325		1,56979902336999E-08		434980,050450763		130378,530190624		890,265358361943		
12350		1,73911544574332E-08		435592,626477331		143338,110505258		1085,85192875573		
12375		1,63135607486179E-08		435791,229625918		153955,762962768		1094,51873686036		
12400		1,67259514302222E-08		436661,122725562		163318,719215571		1192,81014398979		
12425		1,64582811413173E-08		437388,550084858		169972,573840907		1223,57540160267		
12450		1,73923795730687E-08		435271,754312452		174931,35332722		1324,30234091084		
12475		1,6106206105555E-08		434301,239089186		176354,88531369		1233,59277063154		
12500		1,59430373690399E-08		435166,059893622		174972,250356901		1213,93450867702		
12525		1,51425350890567E-08		435325,709466411		169707,154317106		1118,69850157271		
12550		1,58952035834494E-08		432197,917892574		159907,268987098		1098,54277255464		
12575		1,61881969562534E-08		432042,900132448		145677,251866411		1018,86605287706		
12600		1,71209984654511E-08		433266,066262746		129150,149248702		958,029046841932		
12625		1,57363497543401E-08		434488,617267034		111400,005617209		761,671342205475		
12650		1,61201184412504E-08		435043,853070552		93064,4739836897		652,657288161066		
12675		1,45393842485853E-08		434618,578579272		75405,8675087742		476,49620056714		
12700		1,66751376537274E-08		430922,574745229		59360,8768680194		426,549052341864		
12725		1,60729705738272E-08		431436,405882179		45134,2840349183		312,982097424027		
12750		1,8016648443944E-08		431847,502124018		33301,2452732772		259,098494864333		
12775		1,59018438630258E-08		430274,611540593		24891,1156716024		170,308988310828		
12800		1,57480156444818E-08		430178,968909028		18358,7916197633		124,370993699365		
12825		1,99944048558145E-08		430723,149556831		13923,957017505		119,913856264117		
12850		1,62829636117053E-08		429643,371111458		11969,7879481498		83,7390490258636		
12875		1,40994178549796E-08		428766,513358688		12203,4855776174		73,7744420209651		
12900		1,64153393509339E-08		428606,144521011		14408,2230897134		101,372155785186		
12925		1,58490417184352E-08		429355,368556188		19128,9542933552		130,170069167641		
12950		1,77398020198658E-08		428232,978731335		26377,9740082589		200,387355737304		
12975		1,61102047659352E-08		428300,868358278		36265,8549202466		250,23493171976		
13000		1,6662451344288E-08		426441,712750515		48502,2163902204		344,635616762397		
13025		1,70307521104591E-08		427047,29829191		63318,7343677852		460,513145502575		
13050		1,71645997854627E-08		427780,439365983		81198,5113277544		596,214688222657		
13075		1,61622270026753E-08		428642,148673942		99365,8564396365		688,387943795103		
13100		1,75154830061522E-08		428693,313064636		116124,221860227		871,950124452881		
13125		1,7442659509781E-08		430484,364516879		129574,014352027		972,944347583318		
13150		1,60095389691566E-08		430078,59868325		137424,11556201		946,214520064773		
13175		1,67707498860934E-08		428872,821583051		142466,632471457		1024,69393580189		
13200		1,68021925776865E-08		431466,992888607		141871,808314899		1028,51265641963		
13225		1,65389554236751E-08		428320,406306756		139046,770955891		985,003447014085		
13250		1,70748695218103E-08		429988,345596549		133074,973322422		977,035775046327		
13275		1,60676793744245E-08		428989,354088672		125562,96530298		865,488367497715		
13300		1,68800320404855E-08		430588,299674397		118097,818103047		858,375602433121		
13325		1,6532864417944E-08		428734,820857982		108858,077148387		771,609418792095		
13350		1,61242326670937E-08		429617,12232626		99462,7526236172		689,002998841132		
13375		1,6275972112907E-08		428373,501018598		90083,4952264681		628,079709097406		
13400		1,65828540366642E-08		430900,71961057		80642,7918719794		576,23820929889		
13425		1,59485102613972E-08		433718,468843822		69682,9513445591		482,008364192347		
13450		1,55448291246558E-08		433073,919797611		58167,3323471622		391,585976147419		
13475		1,85157848838102E-08		434139,047785588		46847,022415121		376,576286391477		
13500		1,65734002052748E-08		433425,898715853		35385,9305192793		254,1892012317		
13525		1,91534966705543E-08		434781,626433538		24109,7313801708		200,775920195902		
13550		1,59703864703699E-08		434178,740123703		15927,5174701727		110,441442405037		
13575		1,47847908541643E-08		436844,435507323		10826,7261762376		69,926074154404		
13600		1,55498648850124E-08		436851,106455855		8556,59646268294		58,1247516767759		
13625		1,83738764735308E-08		437132,89090912		8671,4725549981		69,6477564716447		
13650		1,52978180268556E-08		435976,079144684		10432,3724879292		69,5785280662388		
13675		1,54993644566399E-08		436157,019296323		14219,9783022318		96,1292802057524		
13700		1,63459230632563E-08		433554,096511245		18143,2307380833		128,578207892763		
13725		1,65647816539256E-08		435668,749782004		22246,2538526264		160,545824089148		
13750		1,6397810139583E-08		435405,362876111		26217,004716561		187,181403704872		
13775		1,7416383369715E-08		435896,777756118		30214,5432959386		229,381119808837		
13800		1,64437668914718E-08		435609,289615875		33729,1071052098		241,603537470243		
13825		1,53853926467978E-08		434619,250428604		36938,1851287115		246,99780640053		
13850		1,64271450904319E-08		435745,471804544		40489,2257408158		289,824067827198		
13875		1,56756548056318E-08		434538,322434289		43761,4423239149		298,088623841467		
13900		1,61735533738538E-08		433848,959925253		47028,1878306957		329,991118154466		
13925		1,69890801507393E-08		434596,667481361		49198,5802607109		363,252680260899		
13950		1,66765457619585E-08		432554,592939517		50768,2992491554		366,217962467891		
13975		1,62707042973762E-08		432644,878300847		51986,1697934541		365,953360925557		
14000		1,79928182518298E-08		435299,516226635		52112,6759159222		408,160291831615		
14025		1,5944540415353E-08		438457,00454974		49676,1202300088		347,2855294802		
14050		1,79813331358475E-08		437588,931556172		46325,7703763433		364,511190493548		
14075		1,66786636659047E-08		438125,827122315		41823,6940791629		305,620509529722		
14100		1,58435450342484E-08		439609,444725262		36492,9918869797		254,172667965771		
14125		1,65086183591674E-08		440364,760987501		31322,6405058148		227,70976351153		
14150		1,6694129868708E-08		439948,208090662		26933,2443265592		197,812627527328		
14175		1,62675487004314E-08		440292,701927501		23060,9335691169		165,173543985319		
14200		1,54970904894741E-08		437854,14232703		19890,7004535237		134,967657020584		
14225		1,81798977673348E-08		438853,890888775		17441,9020322174		139,157056132478		
14250		1,56414044522907E-08		437483,354728906		14799,7432759738		101,272483843352		
14275		1,62201153150085E-08		437283,666220275		13107,9457015256		92,9719257423339		
14300		1,94996080489801E-08		438866,210448176		11789,7449576985		100,893325486963		
14325		1,66857349679731E-08		437803,166255042		10154,5573627754		74,1797279859047		
14350		1,70155991846811E-08		436826,056424181		8968,6713762711		66,6628526228599		
14375		1,83105422931589E-08		436533,895490446		8058,94474553832		64,4165343567568		
14400		1,67128479399085E-08		437606,61227423		6869,81402537377		50,2434343653269		
14425		1,82196063519328E-08		437481,894600487		5979,81643312679		47,6636093109272		
14450		1,45644775390111E-08		437757,447138112		5413,48322820142		34,5147910671776		
14475		2,52041122476581E-08		436772,252083007		5162,05547611123		56,8262650598326		
14500		1,19725368754354E-08		438266,467341421		4939,95662000997		25,920749899258		
14525		2,08422185044581E-08		438170,780497139		5016,62840185761		45,8141138146086		
14550		1,87986533912103E-08		438586,479219216		5325,71768332676		43,9096646469219		
14575		1,86359932109537E-08		438355,337141024		5673,56742176309		46,3484337187814		
14600		1,9289016084914E-08		437586,197088533		5730,44145403912		48,3684053627729		
14625		1,9443936903798E-08		438215,938828205		5621,81187238138		47,9014523420966		
14650		1,58586386328108E-08		437185,349512401		5331,03193489714		36,9609212179962		
14675		1,47385735814838E-08		438012,819605339		5421,26863479929		34,9979981145078		
14700		1,06625933244594E-08		438355,096005317		5264,20218626623		24,6048921808704		
14725		1,73690024894635E-08		437106,266373692		5080,73698155017		38,573462367829		
14750		1,67225743411648E-08		435290,438208739		5007,58765665074		36,4511154583171		
14775		1,39257364227645E-08		436963,171731794		4871,38987811062		29,6425728211795		
14800		1,2784813945311E-08		437312,264190017		4771,69125558458		26,6783155390615		
14825		1,71988275036427E-08		436963,142128528		4742,5577449677		35,6415246731425		
14850		2,27751298901032E-08		435748,172353997		5057,72482417671		50,1939800489755		
14875		1,30712344363994E-08		434857,150898591		5066,17825547089		28,7967639586852		
14900		1,79133712282772E-08		433663,812147478		5194,39300523805		40,3520231766274		
14925		1,70640877950752E-08		436534,772592958		5974,95459498908		44,5078411936489		
14950		1,83555931169124E-08		435765,853072054		6035,08795412388		48,2731036059023		
14975		1,63773417797355E-08		435965,218587318		6378,4681746187		45,541952702306		
15000		1,55829118509595E-08		437474,989150915		6647,60384410646		45,3176074667654		
15025		1,65298779306055E-08		436334,719584719		7000,58888819215		50,4921649525567		
15050		1,67903930533459E-08		436812,803516338		6984,83679230548		51,2285997450392		
15075		1,78710137621757E-08		436630,437027634		6764,78708929589		52,7858267863969		
15100		1,58802808876192E-08		435983,949139669		6441,21554231847		44,5960622469855		
15125		1,40103984436529E-08		435430,342137746		5975,05142914057		36,4511154583171		
15150		1,4683747358777E-08		436749,390566643		5435,50990863707		34,8585648589413		
15175		1,69082352583014E-08		434065,712658231		4890,15867021148		35,8902690912803		
15200		1,27064837045743E-08		434663,688395938		4512,68976129355		24,9237979800558		
15225		2,21430216035862E-08		436502,389166789		4022,67838472183		38,881124848887		
15250		1,19388154976725E-08		435255,694325947		3648,84402428017		18,9609896598738		
15275		2,08108948975479E-08		436344,962546008		3300,2104769857		29,9683174947446		
15300		1,72314119384073E-08		437675,849856648		2914,00501747754		21,9767639674572		
15325		1,76979812102635E-08		436830,748545005		2670,77042640878		20,6477859379139		
15350		1,83132148266878E-08		435120,200422878		2606,57023674238		20,7703238360533		
15375		2,20793308396696E-08		436102,805697838		2492,36482267299		23,9986272785197		
15400		1,08349455859991E-08		435964,27001914		2291,90446445488		10,826152559583		
15425		1,9840502069598E-08		435644,706713028		2403,02457003695		20,7703258903695		
15450		1,75670760828201E-08		432949,551904373		2340,77516711247		17,8031347166171		
15475		1,3744180378578E-08		432959,455968002		2324,64478835368		13,8332006498838		
15500		1,93254389591145E-08		433919,200297193		2232,15581864856		18,7181422145336		
15525		1,22593576395445E-08		435280,361073504		2233,00732021662		11,9159023277318		
15550		1,25828179379197E-08		436098,700143063		2152,28587705207		11,8103470844485		
15575		1,40153713655262E-08		435902,03481953		2106,70448316605		12,8705505764126		
15600		1,88107224848735E-08		436386,599863682		2038,23144044264		16,7313266829918		
15625		1,16349513328814E-08		435830,919848617		1952,41063369473		9,90042352031735		
15650		1,29977695821566E-08		435588,641829937		1740,05797503115		9,85165282657219		
15675		2,40172717341564E-08		434946,332933125		1617,58374098959		16,8976425303723		
15700		1,9852518538812E-08		434376,321827011		1485,15129203734		12,8071486745438		
15725		1,32720281465852E-08		434703,389993794		1372,81949925914		7,92033881625388		
15750		1,58799625582196E-08		434055,789531022		1287,61102443299		8,87523198870282		
15775		1,20727881957271E-08		433342,795901302		1135,44436970425		5,94025411219041		
15800		1,59902779318868E-08		433214,918361249		1136,61145448707		7,87356549787852		
15825		1,25325195201262E-08		435266,598877396		1088,95851453794		5,94025470030078		
15850		1,31312183410595E-08		432420,567847299		1216,89291933992		6,90977219468184		
15875		1,6294042379742E-08		432749,987204288		1405,45871858167		9,91023605488566		
15900		1,69297651792012E-08		432627,525616905		1614,0809270651		11,8219845565475		
15925		1,51216024882301E-08		432873,164735773		1974,0678189609		12,9217266408729		
15950		1,35796543798909E-08		431786,541988113		2352,22769249121		13,7923153159721		
15975		1,32083532124008E-08		432594,51546313		2791,67278766405		15,9512307072357		
16000		1,33965653472395E-08		434166,078338944		3407,72577569323		19,8204721097713		