0,005;0,000
0,015;0,000
0,025;0,000
0,035;0,000
0,045;0,000
0,055;0,000
0,065;0,000
0,075;0,000
0,085;0,000
0,095;0,000
0,105;0,000
0,115;0,000
0,125;0,000
0,135;0,000
0,145;0,000
0,155;0,000
0,165;0,000
0,175;0,000
0,185;0,000
0,195;0,000
0,205;0,000
0,215;0,000
0,225;0,000
0,235;0,000
0,245;0,000
0,255;0,000
0,265;0,000
0,275;0,000
0,285;0,000
0,295;0,000
0,305;0,000
0,315;0,000
0,325;0,000
0,335;0,000
0,345;0,000
0,355;0,000
0,365;0,000
0,375;0,000
0,385;0,000
0,395;0,000
0,405;0,000
0,415;0,000
0,425;0,000
0,435;0,000
0,445;0,000
0,455;0,000
0,465;0,000
0,475;0,000
0,485;0,000
0,495;0,000
0,505;0,000
0,515;0,000
0,525;0,000
0,535;0,000
0,545;0,000
0,555;0,000
0,565;0,000
0,575;0,000
0,585;0,000
0,595;0,000
0,605;0,000
0,615;0,000
0,625;0,000
0,635;0,000
0,645;0,000
0,655;0,000
0,665;0,000
0,675;0,000
0,685;0,000
0,695;0,000
0,705;0,000
0,715;0,000
0,725;0,000
0,735;0,000
0,745;0,000
0,755;0,000
0,765;0,000
0,775;0,000
0,785;0,000
0,795;0,000
0,805;0,000
0,815;0,000
0,825;0,000
0,835;0,000
0,845;0,000
0,855;0,000
0,865;0,000
0,875;0,000
0,885;0,000
0,895;0,000
0,905;0,000
0,915;0,000
0,925;0,000
0,935;0,000
0,945;0,000
0,955;1,000
0,965;0,000
0,975;2,000
0,985;0,000
0,995;2,000
1,005;4,000
1,015;8,000
1,025;70,000
1,035;154,000
1,045;228,000
1,055;216,000
1,065;234,000
1,075;191,000
1,085;189,000
1,095;209,000
1,105;203,000
1,115;189,000
1,125;202,000
1,135;178,000
1,145;199,000
1,155;212,000
1,165;189,000
1,175;204,000
1,185;158,000
1,195;164,000
1,205;208,000
1,215;223,000
1,225;193,000
1,235;180,000
1,245;200,000
1,255;216,000
1,265;187,000
1,275;186,000
1,285;179,000
1,295;191,000
1,305;191,000
1,315;163,000
1,325;162,000
1,335;180,000
1,345;167,000
1,355;183,000
1,365;182,000
1,375;180,000
1,385;166,000
1,395;179,000
1,405;182,000
1,415;147,000
1,425;177,000
1,435;185,000
1,445;178,000
1,455;161,000
1,465;174,000
1,475;149,000
1,485;171,000
1,495;169,000
1,505;170,000
1,515;152,000
1,525;178,000
1,535;163,000
1,545;149,000
1,555;164,000
1,565;181,000
1,575;160,000
1,585;134,000
1,595;176,000
1,605;153,000
1,615;170,000
1,625;170,000
1,635;164,000
1,645;173,000
1,655;158,000
1,665;150,000
1,675;150,000
1,685;156,000
1,695;139,000
1,705;152,000
1,715;157,000
1,725;164,000
1,735;156,000
1,745;167,000
1,755;156,000
1,765;129,000
1,775;158,000
1,785;175,000
1,795;150,000
1,805;144,000
1,815;169,000
1,825;173,000
1,835;146,000
1,845;143,000
1,855;152,000
1,865;158,000
1,875;161,000
1,885;162,000
1,895;156,000
1,905;144,000
1,915;138,000
1,925;155,000
1,935;164,000
1,945;148,000
1,955;146,000
1,965;146,000
1,975;136,000
1,985;158,000
1,995;130,000
2,005;136,000
2,015;144,000
2,025;125,000
2,035;162,000
2,045;137,000
2,055;147,000
2,065;125,000
2,075;152,000
2,085;165,000
2,095;163,000
2,105;141,000
2,115;144,000
2,125;173,000
2,135;163,000
2,145;169,000
2,155;147,000
2,165;181,000
2,175;148,000
2,185;180,000
2,195;176,000
2,205;133,000
2,215;166,000
2,225;167,000
2,235;138,000
2,245;149,000
2,255;158,000
2,265;139,000
2,275;152,000
2,285;174,000
2,295;142,000
2,305;155,000
2,315;154,000
2,325;148,000
2,335;135,000
2,345;160,000
2,355;153,000
2,365;150,000
2,375;152,000
2,385;161,000
2,395;160,000
2,405;144,000
2,415;155,000
2,425;160,000
2,435;139,000
2,445;147,000
2,455;148,000
2,465;139,000
2,475;144,000
2,485;136,000
2,495;153,000
2,505;143,000
2,515;144,000
2,525;157,000
2,535;154,000
2,545;163,000
2,555;136,000
2,565;147,000
2,575;163,000
2,585;148,000
2,595;164,000
2,605;157,000
2,615;134,000
2,625;119,000
2,635;159,000
2,645;142,000
2,655;165,000
2,665;163,000
2,675;155,000
2,685;167,000
2,695;178,000
2,705;168,000
2,715;156,000
2,725;165,000
2,735;172,000
2,745;172,000
2,755;153,000
2,765;146,000
2,775;152,000
2,785;152,000
2,795;168,000
2,805;176,000
2,815;155,000
2,825;171,000
2,835;154,000
2,845;158,000
2,855;183,000
2,865;170,000
2,875;166,000
2,885;181,000
2,895;142,000
2,905;176,000
2,915;163,000
2,925;177,000
2,935;169,000
2,945;171,000
2,955;148,000
2,965;172,000
2,975;209,000
2,985;187,000
2,995;202,000
3,005;152,000
3,015;175,000
3,025;158,000
3,035;165,000
3,045;180,000
3,055;193,000
3,065;172,000
3,075;171,000
3,085;176,000
3,095;183,000
3,105;177,000
3,115;184,000
3,125;193,000
3,135;178,000
3,145;193,000
3,155;205,000
3,165;175,000
3,175;174,000
3,185;214,000
3,195;190,000
3,205;182,000
3,215;199,000
3,225;205,000
3,235;170,000
3,245;169,000
3,255;187,000
3,265;187,000
3,275;197,000
3,285;244,000
3,295;199,000
3,305;214,000
3,315;154,000
3,325;211,000
3,335;215,000
3,345;186,000
3,355;241,000
3,365;212,000
3,375;213,000
3,385;251,000
3,395;209,000
3,405;224,000
3,415;268,000
3,425;244,000
3,435;267,000
3,445;266,000
3,455;261,000
3,465;230,000
3,475;256,000
3,485;235,000
3,495;260,000
3,505;263,000
3,515;252,000
3,525;264,000
3,535;235,000
3,545;231,000
3,555;291,000
3,565;273,000
3,575;278,000
3,585;297,000
3,595;278,000
3,605;271,000
3,615;300,000
3,625;245,000
3,635;262,000
3,645;198,000
3,655;214,000
3,665;238,000
3,675;216,000
3,685;178,000
3,695;195,000
3,705;192,000
3,715;180,000
3,725;231,000
3,735;207,000
3,745;181,000
3,755;175,000
3,765;191,000
3,775;164,000
3,785;173,000
3,795;170,000
3,805;182,000
3,815;197,000
3,825;188,000
3,835;200,000
3,845;171,000
3,855;184,000
3,865;183,000
3,875;176,000
3,885;172,000
3,895;209,000
3,905;142,000
3,915;147,000
3,925;197,000
3,935;184,000
3,945;148,000
3,955;178,000
3,965;186,000
3,975;162,000
3,985;186,000
3,995;167,000
4,005;158,000
4,015;177,000
4,025;175,000
4,035;168,000
4,045;208,000
4,055;174,000
4,065;197,000
4,075;190,000
4,085;180,000
4,095;169,000
4,105;167,000
4,115;164,000
4,125;186,000
4,135;176,000
4,145;205,000
4,155;186,000
4,165;173,000
4,175;199,000
4,185;193,000
4,195;134,000
4,205;116,000
4,215;143,000
4,225;121,000
4,235;96,000
4,245;119,000
4,255;102,000
4,265;97,000
4,275;102,000
4,285;94,000
4,295;105,000
4,305;82,000
4,315;112,000
4,325;98,000
4,335;73,000
4,345;89,000
4,355;86,000
4,365;86,000
4,375;113,000
4,385;703,000
4,395;2503,000
4,405;2258,000
4,415;684,000
4,425;121,000
4,435;76,000
4,445;88,000
4,455;62,000
4,465;62,000
4,475;62,000
4,485;53,000
4,495;40,000
4,505;35,000
4,515;40,000
4,525;38,000
4,535;41,000
4,545;42,000
4,555;28,000
4,565;33,000
4,575;41,000
4,585;35,000
4,595;25,000
4,605;30,000
4,615;20,000
4,625;27,000
4,635;32,000
4,645;24,000
4,655;27,000
4,665;19,000
4,675;22,000
4,685;17,000
4,695;18,000
4,705;20,000
4,715;13,000
4,725;14,000
4,735;17,000
4,745;25,000
4,755;19,000
4,765;11,000
4,775;20,000
4,785;14,000
4,795;14,000
4,805;15,000
4,815;17,000
4,825;12,000
4,835;15,000
4,845;11,000
4,855;21,000
4,865;16,000
4,875;15,000
4,885;21,000
4,895;8,000
4,905;15,000
4,915;12,000
4,925;24,000
4,935;19,000
4,945;8,000
4,955;9,000
4,965;43,000
4,975;622,000
4,985;2202,000
4,995;1756,000
5,005;456,000
5,015;62,000
5,025;10,000
5,035;7,000
5,045;3,000
5,055;5,000
5,065;9,000
5,075;2,000
5,085;7,000
5,095;6,000
5,105;7,000
5,115;3,000
5,125;5,000
5,135;7,000
5,145;5,000
5,155;3,000
5,165;4,000
5,175;5,000
5,185;5,000
5,195;2,000
5,205;7,000
5,215;3,000
5,225;5,000
5,235;2,000
5,245;4,000
5,255;6,000
5,265;3,000
5,275;2,000
5,285;1,000
5,295;6,000
5,305;3,000
5,315;6,000
5,325;3,000
5,335;1,000
5,345;2,000
5,355;6,000
5,365;3,000
5,375;4,000
5,385;6,000
5,395;3,000
5,405;3,000
5,415;3,000
5,425;4,000
5,435;3,000
5,445;5,000
5,455;12,000
5,465;18,000
5,475;15,000
5,485;0,000
5,495;1,000
5,505;2,000
5,515;5,000
5,525;3,000
5,535;4,000
5,545;3,000
5,555;6,000
5,565;2,000
5,575;2,000
5,585;2,000
5,595;2,000
5,605;4,000
5,615;5,000
5,625;2,000
5,635;3,000
5,645;4,000
5,655;1,000
5,665;1,000
5,675;3,000
5,685;3,000
5,695;3,000
5,705;2,000
5,715;2,000
5,725;4,000
5,735;3,000
5,745;3,000
5,755;1,000
5,765;2,000
5,775;1,000
5,785;5,000
5,795;1,000
5,805;5,000
5,815;0,000
5,825;2,000
5,835;3,000
5,845;1,000
5,855;1,000
5,865;0,000
5,875;5,000
5,885;4,000
5,895;4,000
5,905;2,000
5,915;4,000
5,925;4,000
5,935;4,000
5,945;6,000
5,955;3,000
5,965;2,000
5,975;2,000
5,985;2,000
5,995;1,000
6,005;2,000
6,015;1,000
6,025;2,000
6,035;4,000
6,045;3,000
6,055;5,000
6,065;3,000
6,075;2,000
6,085;4,000
6,095;2,000
6,105;2,000
6,115;0,000
6,125;2,000
6,135;3,000
6,145;0,000
6,155;4,000
6,165;5,000
6,175;1,000
6,185;1,000
6,195;0,000
6,205;5,000
6,215;1,000
6,225;2,000
6,235;1,000
6,245;1,000
6,255;1,000
6,265;4,000
6,275;4,000
6,285;3,000
6,295;4,000
6,305;2,000
6,315;1,000
6,325;2,000
6,335;1,000
6,345;3,000
6,355;3,000
6,365;2,000
6,375;2,000
6,385;1,000
6,395;2,000
6,405;2,000
6,415;1,000
6,425;2,000
6,435;1,000
6,445;0,000
6,455;2,000
6,465;0,000
6,475;1,000
6,485;1,000
6,495;4,000
6,505;4,000
6,515;2,000
6,525;5,000
6,535;7,000
6,545;2,000
6,555;3,000
6,565;3,000
6,575;1,000
6,585;2,000
6,595;2,000
6,605;6,000
6,615;1,000
6,625;0,000
6,635;2,000
6,645;3,000
6,655;1,000
6,665;4,000
6,675;1,000
6,685;2,000
6,695;1,000
6,705;1,000
6,715;1,000
6,725;3,000
6,735;3,000
6,745;2,000
6,755;2,000
6,765;2,000
6,775;1,000
6,785;1,000
6,795;3,000
6,805;1,000
6,815;1,000
6,825;0,000
6,835;0,000
6,845;3,000
6,855;1,000
6,865;1,000
6,875;3,000
6,885;2,000
6,895;1,000
6,905;1,000
6,915;0,000
6,925;2,000
6,935;3,000
6,945;2,000
6,955;2,000
6,965;1,000
6,975;3,000
6,985;3,000
6,995;3,000
7,005;4,000
7,015;2,000
7,025;1,000
7,035;5,000
7,045;2,000
7,055;2,000
7,065;2,000
7,075;2,000
7,085;0,000
7,095;2,000
7,105;2,000
7,115;0,000
7,125;3,000
7,135;3,000
7,145;3,000
7,155;1,000
7,165;2,000
7,175;3,000
7,185;1,000
7,195;3,000
7,205;4,000
7,215;0,000
7,225;3,000
7,235;2,000
7,245;1,000
7,255;0,000
7,265;2,000
7,275;1,000
7,285;4,000
7,295;1,000
7,305;3,000
7,315;0,000
7,325;3,000
7,335;2,000
7,345;1,000
7,355;1,000
7,365;2,000
7,375;0,000
7,385;2,000
7,395;1,000
7,405;1,000
7,415;1,000
7,425;3,000
7,435;4,000
7,445;0,000
7,455;2,000
7,465;1,000
7,475;2,000
7,485;2,000
7,495;0,000
7,505;2,000
7,515;1,000
7,525;0,000
7,535;1,000
7,545;0,000
7,555;2,000
7,565;2,000
7,575;0,000
7,585;1,000
7,595;0,000
7,605;1,000
7,615;0,000
7,625;1,000
7,635;2,000
7,645;1,000
7,655;3,000
7,665;1,000
7,675;3,000
7,685;1,000
7,695;2,000
7,705;2,000
7,715;1,000
7,725;1,000
7,735;0,000
7,745;0,000
7,755;0,000
7,765;2,000
7,775;0,000
7,785;2,000
7,795;1,000
7,805;1,000
7,815;1,000
7,825;2,000
7,835;1,000
7,845;1,000
7,855;1,000
7,865;1,000
7,875;1,000
7,885;1,000
7,895;1,000
7,905;2,000
7,915;1,000
7,925;2,000
7,935;2,000
7,945;1,000
7,955;1,000
7,965;1,000
7,975;1,000
7,985;2,000
7,995;0,000
8,005;0,000
8,015;0,000
8,025;1,000
8,035;0,000
8,045;0,000
8,055;0,000
8,065;1,000
8,075;2,000
8,085;1,000
8,095;0,000
8,105;2,000
8,115;1,000
8,125;0,000
8,135;2,000
8,145;0,000
8,155;3,000
8,165;1,000
8,175;1,000
8,185;0,000
8,195;2,000
8,205;1,000
8,215;2,000
8,225;0,000
8,235;2,000
8,245;0,000
8,255;2,000
8,265;0,000
8,275;1,000
8,285;0,000
8,295;0,000
8,305;2,000
8,315;0,000
8,325;1,000
8,335;0,000
8,345;0,000
8,355;1,000
8,365;1,000
8,375;2,000
8,385;2,000
8,395;2,000
8,405;1,000
8,415;2,000
8,425;2,000
8,435;1,000
8,445;1,000
8,455;0,000
8,465;1,000
8,475;1,000
8,485;2,000
8,495;0,000
8,505;1,000
8,515;2,000
8,525;2,000
8,535;3,000
8,545;0,000
8,555;2,000
8,565;1,000
8,575;1,000
8,585;0,000
8,595;1,000
8,605;0,000
8,615;2,000
8,625;0,000
8,635;0,000
8,645;0,000
8,655;0,000
8,665;0,000
8,675;0,000
8,685;0,000
8,695;1,000
8,705;0,000
8,715;0,000
8,725;0,000
8,735;0,000
8,745;0,000
8,755;1,000
8,765;0,000
8,775;1,000
8,785;0,000
8,795;0,000
8,805;1,000
8,815;0,000
8,825;1,000
8,835;0,000
8,845;0,000
8,855;0,000
8,865;2,000
8,875;0,000
8,885;1,000
8,895;0,000
8,905;0,000
8,915;1,000
8,925;0,000
8,935;0,000
8,945;0,000
8,955;0,000
8,965;0,000
8,975;0,000
8,985;1,000
8,995;1,000
9,005;0,000
9,015;0,000
9,025;0,000
9,035;0,000
9,045;0,000
9,055;1,000
9,065;0,000
9,075;0,000
9,085;1,000
9,095;0,000
9,105;0,000
9,115;0,000
9,125;0,000
9,135;1,000
9,145;0,000
9,155;0,000
9,165;0,000
9,175;0,000
9,185;0,000
9,195;0,000
9,205;0,000
9,215;1,000
9,225;1,000
9,235;0,000
9,245;0,000
9,255;0,000
9,265;0,000
9,275;0,000
9,285;0,000
9,295;0,000
9,305;0,000
9,315;2,000
9,325;6,000
9,335;6,000
9,345;0,000
9,355;0,000
9,365;0,000
9,375;0,000
9,385;0,000
9,395;0,000
9,405;0,000
9,415;0,000
9,425;0,000
9,435;0,000
9,445;0,000
9,455;0,000
9,465;0,000
9,475;0,000
9,485;0,000
9,495;0,000
9,505;0,000
9,515;0,000
9,525;0,000
9,535;0,000
9,545;1,000
9,555;0,000
9,565;0,000
9,575;0,000
9,585;0,000
9,595;0,000
9,605;0,000
9,615;0,000
9,625;0,000
9,635;0,000
9,645;0,000
9,655;0,000
9,665;0,000
9,675;0,000
9,685;0,000
9,695;0,000
9,705;0,000
9,715;1,000
9,725;2,000
9,735;2,000
9,745;0,000
9,755;0,000
9,765;0,000
9,775;0,000
9,785;0,000
9,795;0,000
9,805;0,000
9,815;0,000
9,825;0,000
9,835;0,000
9,845;1,000
9,855;0,000
9,865;0,000
9,875;0,000
9,885;0,000
9,895;0,000
9,905;1,000
9,915;0,000
9,925;0,000
9,935;0,000
9,945;0,000
9,955;3,000
9,965;0,000
9,975;4,000
9,985;21,000
9,995;10,000
