0,005;0,000
0,015;0,000
0,025;0,000
0,035;0,000
0,045;0,000
0,055;0,000
0,065;0,000
0,075;0,000
0,085;0,000
0,095;0,000
0,105;0,000
0,115;0,000
0,125;0,000
0,135;0,000
0,145;0,000
0,155;0,000
0,165;0,000
0,175;0,000
0,185;0,000
0,195;0,000
0,205;0,000
0,215;0,000
0,225;0,000
0,235;0,000
0,245;0,000
0,255;0,000
0,265;0,000
0,275;0,000
0,285;0,000
0,295;0,000
0,305;0,000
0,315;0,000
0,325;0,000
0,335;0,000
0,345;0,000
0,355;0,000
0,365;0,000
0,375;0,000
0,385;0,000
0,395;0,000
0,405;0,000
0,415;0,000
0,425;0,000
0,435;0,000
0,445;0,000
0,455;0,000
0,465;0,000
0,475;0,000
0,485;0,000
0,495;0,000
0,505;0,000
0,515;0,000
0,525;0,000
0,535;0,000
0,545;0,000
0,555;0,000
0,565;0,000
0,575;0,000
0,585;0,000
0,595;0,000
0,605;0,000
0,615;0,000
0,625;0,000
0,635;0,000
0,645;0,000
0,655;0,000
0,665;0,000
0,675;0,000
0,685;0,000
0,695;0,000
0,705;0,000
0,715;0,000
0,725;0,000
0,735;0,000
0,745;0,000
0,755;0,000
0,765;0,000
0,775;0,000
0,785;0,000
0,795;0,000
0,805;0,000
0,815;0,000
0,825;0,000
0,835;0,000
0,845;0,000
0,855;0,000
0,865;0,000
0,875;0,000
0,885;0,000
0,895;0,000
0,905;0,000
0,915;0,000
0,925;1,000
0,935;0,000
0,945;0,000
0,955;1,000
0,965;0,000
0,975;0,000
0,985;0,000
0,995;0,000
1,005;0,000
1,015;2,000
1,025;24,000
1,035;345,000
1,045;676,000
1,055;707,000
1,065;674,000
1,075;667,000
1,085;689,000
1,095;678,000
1,105;673,000
1,115;652,000
1,125;675,000
1,135;645,000
1,145;671,000
1,155;625,000
1,165;679,000
1,175;658,000
1,185;687,000
1,195;682,000
1,205;674,000
1,215;656,000
1,225;645,000
1,235;648,000
1,245;652,000
1,255;673,000
1,265;700,000
1,275;667,000
1,285;587,000
1,295;691,000
1,305;680,000
1,315;623,000
1,325;635,000
1,335;627,000
1,345;667,000
1,355;658,000
1,365;604,000
1,375;611,000
1,385;652,000
1,395;733,000
1,405;635,000
1,415;632,000
1,425;683,000
1,435;729,000
1,445;667,000
1,455;654,000
1,465;665,000
1,475;703,000
1,485;687,000
1,495;674,000
1,505;740,000
1,515;753,000
1,525;717,000
1,535;733,000
1,545;689,000
1,555;762,000
1,565;722,000
1,575;800,000
1,585;752,000
1,595;758,000
1,605;743,000
1,615;749,000
1,625;820,000
1,635;746,000
1,645;908,000
1,655;841,000
1,665;884,000
1,675;864,000
1,685;904,000
1,695;938,000
1,705;1019,000
1,715;930,000
1,725;990,000
1,735;987,000
1,745;950,000
1,755;1010,000
1,765;1035,000
1,775;1010,000
1,785;1072,000
1,795;1082,000
1,805;966,000
1,815;974,000
1,825;814,000
1,835;753,000
1,845;610,000
1,855;590,000
1,865;591,000
1,875;493,000
1,885;500,000
1,895;472,000
1,905;454,000
1,915;441,000
1,925;451,000
1,935;429,000
1,945;392,000
1,955;399,000
1,965;423,000
1,975;329,000
1,985;354,000
1,995;313,000
2,005;306,000
2,015;308,000
2,025;306,000
2,035;276,000
2,045;254,000
2,055;236,000
2,065;239,000
2,075;212,000
2,085;219,000
2,095;190,000
2,105;166,000
2,115;170,000
2,125;160,000
2,135;160,000
2,145;159,000
2,155;133,000
2,165;132,000
2,175;118,000
2,185;114,000
2,195;141,000
2,205;137,000
2,215;123,000
2,225;139,000
2,235;119,000
2,245;142,000
2,255;135,000
2,265;131,000
2,275;131,000
2,285;106,000
2,295;108,000
2,305;99,000
2,315;98,000
2,325;119,000
2,335;121,000
2,345;121,000
2,355;97,000
2,365;100,000
2,375;105,000
2,385;79,000
2,395;97,000
2,405;109,000
2,415;117,000
2,425;93,000
2,435;85,000
2,445;101,000
2,455;110,000
2,465;95,000
2,475;132,000
2,485;911,000
2,495;9623,000
2,505;16277,000
2,515;6715,000
2,525;1102,000
2,535;146,000
2,545;82,000
2,555;59,000
2,565;62,000
2,575;37,000
2,585;38,000
2,595;37,000
2,605;40,000
2,615;34,000
2,625;36,000
2,635;25,000
2,645;27,000
2,655;21,000
2,665;24,000
2,675;20,000
2,685;27,000
2,695;36,000
2,705;20,000
2,715;29,000
2,725;30,000
2,735;15,000
2,745;18,000
2,755;21,000
2,765;30,000
2,775;25,000
2,785;16,000
2,795;19,000
2,805;18,000
2,815;28,000
2,825;14,000
2,835;20,000
2,845;21,000
2,855;13,000
2,865;16,000
2,875;18,000
2,885;11,000
2,895;10,000
2,905;17,000
2,915;19,000
2,925;10,000
2,935;12,000
2,945;11,000
2,955;10,000
2,965;15,000
2,975;2,000
2,985;13,000
2,995;11,000
3,005;11,000
3,015;11,000
3,025;8,000
3,035;18,000
3,045;14,000
3,055;9,000
3,065;7,000
3,075;11,000
3,085;6,000
3,095;12,000
3,105;11,000
3,115;16,000
3,125;8,000
3,135;9,000
3,145;14,000
3,155;7,000
3,165;13,000
3,175;8,000
3,185;7,000
3,195;15,000
3,205;10,000
3,215;15,000
3,225;12,000
3,235;12,000
3,245;8,000
3,255;9,000
3,265;8,000
3,275;4,000
3,285;6,000
3,295;12,000
3,305;9,000
3,315;8,000
3,325;10,000
3,335;4,000
3,345;8,000
3,355;8,000
3,365;4,000
3,375;5,000
3,385;9,000
3,395;4,000
3,405;10,000
3,415;9,000
3,425;7,000
3,435;10,000
3,445;8,000
3,455;7,000
3,465;3,000
3,475;9,000
3,485;2,000
3,495;7,000
3,505;6,000
3,515;5,000
3,525;7,000
3,535;7,000
3,545;4,000
3,555;5,000
3,565;8,000
3,575;9,000
3,585;7,000
3,595;2,000
3,605;9,000
3,615;3,000
3,625;12,000
3,635;8,000
3,645;5,000
3,655;9,000
3,665;9,000
3,675;4,000
3,685;6,000
3,695;9,000
3,705;7,000
3,715;6,000
3,725;11,000
3,735;10,000
3,745;6,000
3,755;4,000
3,765;9,000
3,775;9,000
3,785;9,000
3,795;9,000
3,805;5,000
3,815;8,000
3,825;9,000
3,835;5,000
3,845;7,000
3,855;3,000
3,865;10,000
3,875;5,000
3,885;5,000
3,895;9,000
3,905;6,000
3,915;7,000
3,925;4,000
3,935;6,000
3,945;3,000
3,955;5,000
3,965;8,000
3,975;8,000
3,985;3,000
3,995;8,000
4,005;7,000
4,015;4,000
4,025;4,000
4,035;5,000
4,045;4,000
4,055;10,000
4,065;9,000
4,075;5,000
4,085;6,000
4,095;1,000
4,105;5,000
4,115;7,000
4,125;8,000
4,135;3,000
4,145;7,000
4,155;4,000
4,165;3,000
4,175;2,000
4,185;6,000
4,195;4,000
4,205;6,000
4,215;4,000
4,225;6,000
4,235;6,000
4,245;8,000
4,255;5,000
4,265;4,000
4,275;6,000
4,285;4,000
4,295;4,000
4,305;2,000
4,315;2,000
4,325;2,000
4,335;3,000
4,345;1,000
4,355;2,000
4,365;2,000
4,375;3,000
4,385;1,000
4,395;3,000
4,405;9,000
4,415;2,000
4,425;4,000
4,435;4,000
4,445;0,000
4,455;3,000
4,465;2,000
4,475;3,000
4,485;3,000
4,495;1,000
4,505;4,000
4,515;1,000
4,525;2,000
4,535;4,000
4,545;3,000
4,555;3,000
4,565;0,000
4,575;3,000
4,585;4,000
4,595;2,000
4,605;4,000
4,615;1,000
4,625;0,000
4,635;4,000
4,645;3,000
4,655;3,000
4,665;1,000
4,675;2,000
4,685;3,000
4,695;1,000
4,705;2,000
4,715;1,000
4,725;0,000
4,735;1,000
4,745;0,000
4,755;3,000
4,765;1,000
4,775;2,000
4,785;4,000
4,795;3,000
4,805;2,000
4,815;2,000
4,825;1,000
4,835;4,000
4,845;4,000
4,855;4,000
4,865;0,000
4,875;1,000
4,885;1,000
4,895;2,000
4,905;1,000
4,915;2,000
4,925;2,000
4,935;6,000
4,945;5,000
4,955;3,000
4,965;1,000
4,975;0,000
4,985;0,000
4,995;0,000
5,005;0,000
5,015;1,000
5,025;0,000
5,035;0,000
5,045;1,000
5,055;2,000
5,065;2,000
5,075;0,000
5,085;0,000
5,095;0,000
5,105;0,000
5,115;0,000
5,125;1,000
5,135;4,000
5,145;0,000
5,155;0,000
5,165;1,000
5,175;0,000
5,185;1,000
5,195;0,000
5,205;1,000
5,215;0,000
5,225;0,000
5,235;0,000
5,245;0,000
5,255;1,000
5,265;1,000
5,275;3,000
5,285;0,000
5,295;0,000
5,305;0,000
5,315;0,000
5,325;0,000
5,335;1,000
5,345;0,000
5,355;0,000
5,365;1,000
5,375;0,000
5,385;0,000
5,395;0,000
5,405;0,000
5,415;0,000
5,425;0,000
5,435;0,000
5,445;2,000
5,455;13,000
5,465;19,000
5,475;7,000
5,485;2,000
5,495;0,000
5,505;0,000
5,515;0,000
5,525;0,000
5,535;1,000
5,545;1,000
5,555;1,000
5,565;0,000
5,575;0,000
5,585;0,000
5,595;0,000
5,605;1,000
5,615;0,000
5,625;0,000
5,635;0,000
5,645;0,000
5,655;2,000
5,665;1,000
5,675;0,000
5,685;0,000
5,695;0,000
5,705;0,000
5,715;1,000
5,725;0,000
5,735;0,000
5,745;0,000
5,755;0,000
5,765;1,000
5,775;0,000
5,785;0,000
5,795;0,000
5,805;0,000
5,815;0,000
5,825;1,000
5,835;0,000
5,845;0,000
5,855;0,000
5,865;0,000
5,875;0,000
5,885;0,000
5,895;0,000
5,905;1,000
5,915;1,000
5,925;0,000
5,935;1,000
5,945;0,000
5,955;0,000
5,965;0,000
5,975;2,000
5,985;1,000
5,995;0,000
6,005;0,000
6,015;2,000
6,025;0,000
6,035;0,000
6,045;1,000
6,055;0,000
6,065;1,000
6,075;0,000
6,085;0,000
6,095;0,000
6,105;1,000
6,115;0,000
6,125;0,000
6,135;0,000
6,145;0,000
6,155;1,000
6,165;0,000
6,175;0,000
6,185;0,000
6,195;0,000
6,205;1,000
6,215;1,000
6,225;1,000
6,235;0,000
6,245;0,000
6,255;1,000
6,265;0,000
6,275;1,000
6,285;0,000
6,295;0,000
6,305;0,000
6,315;1,000
6,325;0,000
6,335;1,000
6,345;1,000
6,355;0,000
6,365;0,000
6,375;2,000
6,385;0,000
6,395;0,000
6,405;0,000
6,415;0,000
6,425;0,000
6,435;0,000
6,445;0,000
6,455;0,000
6,465;0,000
6,475;0,000
6,485;1,000
6,495;0,000
6,505;0,000
6,515;0,000
6,525;0,000
6,535;0,000
6,545;0,000
6,555;1,000
6,565;0,000
6,575;1,000
6,585;0,000
6,595;1,000
6,605;0,000
6,615;0,000
6,625;0,000
6,635;0,000
6,645;0,000
6,655;0,000
6,665;0,000
6,675;0,000
6,685;0,000
6,695;0,000
6,705;0,000
6,715;0,000
6,725;0,000
6,735;1,000
6,745;0,000
6,755;1,000
6,765;1,000
6,775;0,000
6,785;0,000
6,795;0,000
6,805;0,000
6,815;0,000
6,825;0,000
6,835;0,000
6,845;0,000
6,855;0,000
6,865;0,000
6,875;0,000
6,885;0,000
6,895;0,000
6,905;1,000
6,915;0,000
6,925;0,000
6,935;0,000
6,945;0,000
6,955;0,000
6,965;0,000
6,975;0,000
6,985;0,000
6,995;0,000
7,005;0,000
7,015;0,000
7,025;0,000
7,035;0,000
7,045;0,000
7,055;0,000
7,065;0,000
7,075;0,000
7,085;0,000
7,095;1,000
7,105;0,000
7,115;0,000
7,125;0,000
7,135;0,000
7,145;0,000
7,155;0,000
7,165;0,000
7,175;0,000
7,185;0,000
7,195;0,000
7,205;0,000
7,215;0,000
7,225;0,000
7,235;1,000
7,245;0,000
7,255;0,000
7,265;0,000
7,275;0,000
7,285;1,000
7,295;0,000
7,305;0,000
7,315;0,000
7,325;0,000
7,335;0,000
7,345;0,000
7,355;0,000
7,365;0,000
7,375;0,000
7,385;0,000
7,395;0,000
7,405;0,000
7,415;0,000
7,425;0,000
7,435;1,000
7,445;0,000
7,455;0,000
7,465;0,000
7,475;0,000
7,485;0,000
7,495;0,000
7,505;0,000
7,515;0,000
7,525;0,000
7,535;0,000
7,545;0,000
7,555;0,000
7,565;1,000
7,575;0,000
7,585;0,000
7,595;0,000
7,605;0,000
7,615;0,000
7,625;0,000
7,635;0,000
7,645;1,000
7,655;0,000
7,665;0,000
7,675;0,000
7,685;0,000
7,695;1,000
7,705;0,000
7,715;1,000
7,725;0,000
7,735;0,000
7,745;2,000
7,755;0,000
7,765;1,000
7,775;0,000
7,785;1,000
7,795;0,000
7,805;0,000
7,815;0,000
7,825;0,000
7,835;0,000
7,845;0,000
7,855;0,000
7,865;1,000
7,875;0,000
7,885;0,000
7,895;0,000
7,905;0,000
7,915;0,000
7,925;0,000
7,935;0,000
7,945;0,000
7,955;0,000
7,965;0,000
7,975;0,000
7,985;0,000
7,995;0,000
8,005;0,000
8,015;0,000
8,025;0,000
8,035;1,000
8,045;0,000
8,055;0,000
8,065;0,000
8,075;0,000
8,085;0,000
8,095;0,000
8,105;0,000
8,115;0,000
8,125;1,000
8,135;0,000
8,145;0,000
8,155;0,000
8,165;0,000
8,175;0,000
8,185;0,000
8,195;0,000
8,205;0,000
8,215;0,000
8,225;0,000
8,235;0,000
8,245;0,000
8,255;1,000
8,265;0,000
8,275;0,000
8,285;1,000
8,295;0,000
8,305;0,000
8,315;0,000
8,325;0,000
8,335;0,000
8,345;0,000
8,355;1,000
8,365;0,000
8,375;1,000
8,385;0,000
8,395;0,000
8,405;1,000
8,415;1,000
8,425;0,000
8,435;0,000
8,445;0,000
8,455;0,000
8,465;0,000
8,475;0,000
8,485;0,000
8,495;0,000
8,505;1,000
8,515;1,000
8,525;0,000
8,535;0,000
8,545;1,000
8,555;1,000
8,565;0,000
8,575;0,000
8,585;0,000
8,595;0,000
8,605;1,000
8,615;0,000
8,625;1,000
8,635;0,000
8,645;0,000
8,655;1,000
8,665;0,000
8,675;0,000
8,685;0,000
8,695;0,000
8,705;1,000
8,715;0,000
8,725;0,000
8,735;0,000
8,745;0,000
8,755;0,000
8,765;0,000
8,775;0,000
8,785;1,000
8,795;0,000
8,805;0,000
8,815;1,000
8,825;0,000
8,835;1,000
8,845;0,000
8,855;2,000
8,865;0,000
8,875;0,000
8,885;1,000
8,895;0,000
8,905;0,000
8,915;0,000
8,925;2,000
8,935;0,000
8,945;0,000
8,955;0,000
8,965;0,000
8,975;0,000
8,985;0,000
8,995;0,000
9,005;0,000
9,015;0,000
9,025;0,000
9,035;0,000
9,045;0,000
9,055;0,000
9,065;0,000
9,075;0,000
9,085;0,000
9,095;0,000
9,105;0,000
9,115;0,000
9,125;0,000
9,135;0,000
9,145;0,000
9,155;2,000
9,165;0,000
9,175;0,000
9,185;0,000
9,195;0,000
9,205;0,000
9,215;0,000
9,225;0,000
9,235;0,000
9,245;0,000
9,255;0,000
9,265;0,000
9,275;0,000
9,285;0,000
9,295;0,000
9,305;1,000
9,315;0,000
9,325;0,000
9,335;0,000
9,345;0,000
9,355;0,000
9,365;0,000
9,375;0,000
9,385;0,000
9,395;0,000
9,405;0,000
9,415;0,000
9,425;0,000
9,435;0,000
9,445;0,000
9,455;0,000
9,465;0,000
9,475;0,000
9,485;0,000
9,495;0,000
9,505;0,000
9,515;0,000
9,525;0,000
9,535;0,000
9,545;0,000
9,555;0,000
9,565;0,000
9,575;0,000
9,585;0,000
9,595;0,000
9,605;0,000
9,615;0,000
9,625;0,000
9,635;0,000
9,645;0,000
9,655;0,000
9,665;0,000
9,675;0,000
9,685;0,000
9,695;0,000
9,705;1,000
9,715;1,000
9,725;5,000
9,735;1,000
9,745;1,000
9,755;1,000
9,765;0,000
9,775;0,000
9,785;0,000
9,795;0,000
9,805;0,000
9,815;0,000
9,825;0,000
9,835;0,000
9,845;0,000
9,855;0,000
9,865;0,000
9,875;0,000
9,885;0,000
9,895;0,000
9,905;0,000
9,915;0,000
9,925;0,000
9,935;0,000
9,945;0,000
9,955;1,000
9,965;2,000
9,975;0,000
9,985;3,000
9,995;17,000
