0,005;0,000
0,015;0,000
0,025;0,000
0,035;0,000
0,045;0,000
0,055;0,000
0,065;0,000
0,075;0,000
0,085;0,000
0,095;0,000
0,105;0,000
0,115;0,000
0,125;0,000
0,135;0,000
0,145;0,000
0,155;0,000
0,165;0,000
0,175;0,000
0,185;0,000
0,195;0,000
0,205;0,000
0,215;0,000
0,225;0,000
0,235;0,000
0,245;0,000
0,255;0,000
0,265;0,000
0,275;0,000
0,285;0,000
0,295;0,000
0,305;0,000
0,315;0,000
0,325;0,000
0,335;0,000
0,345;0,000
0,355;0,000
0,365;0,000
0,375;0,000
0,385;0,000
0,395;0,000
0,405;0,000
0,415;0,000
0,425;0,000
0,435;0,000
0,445;0,000
0,455;0,000
0,465;0,000
0,475;0,000
0,485;0,000
0,495;0,000
0,505;0,000
0,515;0,000
0,525;0,000
0,535;0,000
0,545;0,000
0,555;0,000
0,565;0,000
0,575;0,000
0,585;0,000
0,595;0,000
0,605;0,000
0,615;0,000
0,625;0,000
0,635;0,000
0,645;0,000
0,655;0,000
0,665;0,000
0,675;0,000
0,685;0,000
0,695;0,000
0,705;0,000
0,715;0,000
0,725;0,000
0,735;0,000
0,745;0,000
0,755;0,000
0,765;0,000
0,775;0,000
0,785;0,000
0,795;0,000
0,805;0,000
0,815;0,000
0,825;0,000
0,835;0,000
0,845;0,000
0,855;0,000
0,865;0,000
0,875;0,000
0,885;0,000
0,895;0,000
0,905;0,000
0,915;0,000
0,925;0,000
0,935;1,000
0,945;1,000
0,955;1,000
0,965;0,000
0,975;0,000
0,985;1,000
0,995;1,000
1,005;2,000
1,015;3,000
1,025;4,000
1,035;19,000
1,045;264,000
1,055;805,000
1,065;911,000
1,075;833,000
1,085;884,000
1,095;952,000
1,105;919,000
1,115;908,000
1,125;970,000
1,135;915,000
1,145;984,000
1,155;969,000
1,165;952,000
1,175;1019,000
1,185;1013,000
1,195;1060,000
1,205;1069,000
1,215;1090,000
1,225;1026,000
1,235;1078,000
1,245;1108,000
1,255;1202,000
1,265;1201,000
1,275;1218,000
1,285;1129,000
1,295;1212,000
1,305;1079,000
1,315;1001,000
1,325;813,000
1,335;722,000
1,345;727,000
1,355;664,000
1,365;613,000
1,375;560,000
1,385;584,000
1,395;552,000
1,405;525,000
1,415;563,000
1,425;528,000
1,435;524,000
1,445;501,000
1,455;447,000
1,465;458,000
1,475;430,000
1,485;408,000
1,495;411,000
1,505;356,000
1,515;371,000
1,525;360,000
1,535;345,000
1,545;336,000
1,555;309,000
1,565;294,000
1,575;283,000
1,585;281,000
1,595;315,000
1,605;313,000
1,615;296,000
1,625;286,000
1,635;290,000
1,645;252,000
1,655;256,000
1,665;261,000
1,675;246,000
1,685;260,000
1,695;229,000
1,705;267,000
1,715;283,000
1,725;261,000
1,735;270,000
1,745;261,000
1,755;227,000
1,765;247,000
1,775;232,000
1,785;246,000
1,795;253,000
1,805;245,000
1,815;245,000
1,825;240,000
1,835;252,000
1,845;237,000
1,855;225,000
1,865;242,000
1,875;234,000
1,885;227,000
1,895;265,000
1,905;262,000
1,915;278,000
1,925;1176,000
1,935;7808,000
1,945;15405,000
1,955;8955,000
1,965;2092,000
1,975;433,000
1,985;233,000
1,995;190,000
2,005;196,000
2,015;161,000
2,025;149,000
2,035;168,000
2,045;164,000
2,055;157,000
2,065;130,000
2,075;150,000
2,085;168,000
2,095;149,000
2,105;136,000
2,115;143,000
2,125;118,000
2,135;151,000
2,145;127,000
2,155;125,000
2,165;150,000
2,175;130,000
2,185;145,000
2,195;125,000
2,205;150,000
2,215;123,000
2,225;138,000
2,235;116,000
2,245;140,000
2,255;136,000
2,265;120,000
2,275;138,000
2,285;135,000
2,295;123,000
2,305;126,000
2,315;133,000
2,325;123,000
2,335;145,000
2,345;137,000
2,355;140,000
2,365;130,000
2,375;149,000
2,385;121,000
2,395;123,000
2,405;132,000
2,415;108,000
2,425;120,000
2,435;129,000
2,445;115,000
2,455;142,000
2,465;129,000
2,475;125,000
2,485;118,000
2,495;131,000
2,505;108,000
2,515;124,000
2,525;130,000
2,535;130,000
2,545;128,000
2,555;108,000
2,565;160,000
2,575;125,000
2,585;143,000
2,595;134,000
2,605;113,000
2,615;122,000
2,625;142,000
2,635;127,000
2,645;129,000
2,655;136,000
2,665;135,000
2,675;143,000
2,685;118,000
2,695;131,000
2,705;138,000
2,715;113,000
2,725;129,000
2,735;121,000
2,745;124,000
2,755;112,000
2,765;126,000
2,775;126,000
2,785;106,000
2,795;148,000
2,805;134,000
2,815;114,000
2,825;127,000
2,835;113,000
2,845;116,000
2,855;147,000
2,865;115,000
2,875;125,000
2,885;135,000
2,895;116,000
2,905;123,000
2,915;123,000
2,925;158,000
2,935;109,000
2,945;119,000
2,955;121,000
2,965;137,000
2,975;126,000
2,985;113,000
2,995;126,000
3,005;133,000
3,015;139,000
3,025;135,000
3,035;140,000
3,045;127,000
3,055;156,000
3,065;125,000
3,075;125,000
3,085;151,000
3,095;128,000
3,105;133,000
3,115;120,000
3,125;126,000
3,135;139,000
3,145;159,000
3,155;142,000
3,165;145,000
3,175;157,000
3,185;127,000
3,195;151,000
3,205;131,000
3,215;147,000
3,225;160,000
3,235;123,000
3,245;126,000
3,255;141,000
3,265;146,000
3,275;147,000
3,285;148,000
3,295;137,000
3,305;160,000
3,315;152,000
3,325;151,000
3,335;136,000
3,345;141,000
3,355;159,000
3,365;156,000
3,375;143,000
3,385;136,000
3,395;144,000
3,405;142,000
3,415;154,000
3,425;149,000
3,435;133,000
3,445;151,000
3,455;148,000
3,465;165,000
3,475;156,000
3,485;152,000
3,495;175,000
3,505;154,000
3,515;175,000
3,525;162,000
3,535;165,000
3,545;161,000
3,555;191,000
3,565;182,000
3,575;150,000
3,585;197,000
3,595;163,000
3,605;180,000
3,615;164,000
3,625;151,000
3,635;196,000
3,645;148,000
3,655;173,000
3,665;187,000
3,675;184,000
3,685;198,000
3,695;185,000
3,705;215,000
3,715;190,000
3,725;203,000
3,735;210,000
3,745;199,000
3,755;210,000
3,765;208,000
3,775;217,000
3,785;201,000
3,795;195,000
3,805;254,000
3,815;222,000
3,825;264,000
3,835;222,000
3,845;272,000
3,855;226,000
3,865;251,000
3,875;241,000
3,885;258,000
3,895;273,000
3,905;219,000
3,915;278,000
3,925;294,000
3,935;271,000
3,945;246,000
3,955;261,000
3,965;279,000
3,975;267,000
3,985;212,000
3,995;161,000
4,005;172,000
4,015;140,000
4,025;139,000
4,035;136,000
4,045;145,000
4,055;146,000
4,065;116,000
4,075;135,000
4,085;135,000
4,095;123,000
4,105;119,000
4,115;110,000
4,125;128,000
4,135;107,000
4,145;104,000
4,155;125,000
4,165;102,000
4,175;125,000
4,185;94,000
4,195;92,000
4,205;108,000
4,215;113,000
4,225;87,000
4,235;91,000
4,245;86,000
4,255;78,000
4,265;68,000
4,275;61,000
4,285;56,000
4,295;73,000
4,305;62,000
4,315;63,000
4,325;62,000
4,335;57,000
4,345;57,000
4,355;45,000
4,365;52,000
4,375;44,000
4,385;50,000
4,395;42,000
4,405;32,000
4,415;42,000
4,425;35,000
4,435;48,000
4,445;39,000
4,455;40,000
4,465;37,000
4,475;26,000
4,485;36,000
4,495;35,000
4,505;30,000
4,515;26,000
4,525;40,000
4,535;28,000
4,545;19,000
4,555;32,000
4,565;38,000
4,575;32,000
4,585;27,000
4,595;34,000
4,605;25,000
4,615;21,000
4,625;24,000
4,635;24,000
4,645;40,000
4,655;33,000
4,665;27,000
4,675;16,000
4,685;31,000
4,695;24,000
4,705;38,000
4,715;23,000
4,725;22,000
4,735;38,000
4,745;46,000
4,755;319,000
4,765;2068,000
4,775;3365,000
4,785;1501,000
4,795;286,000
4,805;62,000
4,815;32,000
4,825;34,000
4,835;27,000
4,845;22,000
4,855;21,000
4,865;17,000
4,875;18,000
4,885;16,000
4,895;11,000
4,905;13,000
4,915;17,000
4,925;20,000
4,935;16,000
4,945;16,000
4,955;18,000
4,965;14,000
4,975;13,000
4,985;15,000
4,995;14,000
5,005;14,000
5,015;13,000
5,025;12,000
5,035;15,000
5,045;13,000
5,055;12,000
5,065;4,000
5,075;6,000
5,085;15,000
5,095;15,000
5,105;8,000
5,115;12,000
5,125;9,000
5,135;8,000
5,145;12,000
5,155;7,000
5,165;12,000
5,175;9,000
5,185;12,000
5,195;16,000
5,205;7,000
5,215;12,000
5,225;6,000
5,235;12,000
5,245;5,000
5,255;10,000
5,265;9,000
5,275;9,000
5,285;8,000
5,295;17,000
5,305;10,000
5,315;12,000
5,325;11,000
5,335;13,000
5,345;15,000
5,355;7,000
5,365;14,000
5,375;5,000
5,385;13,000
5,395;9,000
5,405;14,000
5,415;10,000
5,425;10,000
5,435;9,000
5,445;11,000
5,455;13,000
5,465;29,000
5,475;17,000
5,485;5,000
5,495;8,000
5,505;6,000
5,515;8,000
5,525;7,000
5,535;5,000
5,545;6,000
5,555;8,000
5,565;5,000
5,575;6,000
5,585;12,000
5,595;8,000
5,605;8,000
5,615;8,000
5,625;6,000
5,635;6,000
5,645;9,000
5,655;7,000
5,665;8,000
5,675;7,000
5,685;7,000
5,695;11,000
5,705;9,000
5,715;7,000
5,725;3,000
5,735;1,000
5,745;8,000
5,755;8,000
5,765;4,000
5,775;9,000
5,785;3,000
5,795;6,000
5,805;10,000
5,815;9,000
5,825;5,000
5,835;5,000
5,845;5,000
5,855;3,000
5,865;6,000
5,875;8,000
5,885;8,000
5,895;6,000
5,905;9,000
5,915;2,000
5,925;5,000
5,935;4,000
5,945;7,000
5,955;7,000
5,965;6,000
5,975;6,000
5,985;7,000
5,995;5,000
6,005;7,000
6,015;8,000
6,025;3,000
6,035;7,000
6,045;4,000
6,055;6,000
6,065;3,000
6,075;6,000
6,085;3,000
6,095;3,000
6,105;5,000
6,115;3,000
6,125;5,000
6,135;6,000
6,145;4,000
6,155;4,000
6,165;2,000
6,175;1,000
6,185;3,000
6,195;3,000
6,205;1,000
6,215;3,000
6,225;3,000
6,235;1,000
6,245;2,000
6,255;3,000
6,265;3,000
6,275;3,000
6,285;1,000
6,295;2,000
6,305;3,000
6,315;3,000
6,325;3,000
6,335;0,000
6,345;3,000
6,355;5,000
6,365;3,000
6,375;2,000
6,385;0,000
6,395;1,000
6,405;1,000
6,415;0,000
6,425;3,000
6,435;4,000
6,445;0,000
6,455;3,000
6,465;3,000
6,475;3,000
6,485;1,000
6,495;0,000
6,505;2,000
6,515;7,000
6,525;1,000
6,535;0,000
6,545;5,000
6,555;2,000
6,565;2,000
6,575;1,000
6,585;3,000
6,595;0,000
6,605;2,000
6,615;4,000
6,625;2,000
6,635;4,000
6,645;8,000
6,655;27,000
6,665;34,000
6,675;19,000
6,685;10,000
6,695;3,000
6,705;4,000
6,715;1,000
6,725;0,000
6,735;0,000
6,745;0,000
6,755;2,000
6,765;0,000
6,775;0,000
6,785;1,000
6,795;1,000
6,805;1,000
6,815;1,000
6,825;0,000
6,835;0,000
6,845;2,000
6,855;0,000
6,865;1,000
6,875;1,000
6,885;0,000
6,895;1,000
6,905;0,000
6,915;0,000
6,925;3,000
6,935;0,000
6,945;1,000
6,955;2,000
6,965;1,000
6,975;0,000
6,985;0,000
6,995;0,000
7,005;0,000
7,015;0,000
7,025;1,000
7,035;1,000
7,045;0,000
7,055;0,000
7,065;2,000
7,075;0,000
7,085;0,000
7,095;1,000
7,105;0,000
7,115;3,000
7,125;0,000
7,135;0,000
7,145;1,000
7,155;0,000
7,165;2,000
7,175;2,000
7,185;1,000
7,195;1,000
7,205;0,000
7,215;0,000
7,225;1,000
7,235;0,000
7,245;2,000
7,255;2,000
7,265;1,000
7,275;2,000
7,285;1,000
7,295;1,000
7,305;0,000
7,315;0,000
7,325;0,000
7,335;0,000
7,345;1,000
7,355;1,000
7,365;1,000
7,375;0,000
7,385;0,000
7,395;0,000
7,405;0,000
7,415;1,000
7,425;1,000
7,435;0,000
7,445;0,000
7,455;0,000
7,465;0,000
7,475;1,000
7,485;0,000
7,495;0,000
7,505;0,000
7,515;0,000
7,525;1,000
7,535;0,000
7,545;0,000
7,555;1,000
7,565;0,000
7,575;0,000
7,585;1,000
7,595;0,000
7,605;0,000
7,615;0,000
7,625;0,000
7,635;0,000
7,645;2,000
7,655;0,000
7,665;0,000
7,675;1,000
7,685;1,000
7,695;0,000
7,705;0,000
7,715;0,000
7,725;0,000
7,735;0,000
7,745;1,000
7,755;0,000
7,765;0,000
7,775;0,000
7,785;0,000
7,795;3,000
7,805;0,000
7,815;0,000
7,825;0,000
7,835;0,000
7,845;4,000
7,855;0,000
7,865;1,000
7,875;0,000
7,885;0,000
7,895;1,000
7,905;1,000
7,915;0,000
7,925;0,000
7,935;1,000
7,945;0,000
7,955;3,000
7,965;1,000
7,975;0,000
7,985;0,000
7,995;0,000
8,005;1,000
8,015;0,000
8,025;0,000
8,035;1,000
8,045;0,000
8,055;0,000
8,065;1,000
8,075;0,000
8,085;2,000
8,095;0,000
8,105;0,000
8,115;0,000
8,125;0,000
8,135;0,000
8,145;0,000
8,155;1,000
8,165;0,000
8,175;0,000
8,185;0,000
8,195;0,000
8,205;0,000
8,215;2,000
8,225;3,000
8,235;0,000
8,245;1,000
8,255;1,000
8,265;0,000
8,275;0,000
8,285;0,000
8,295;1,000
8,305;0,000
8,315;0,000
8,325;0,000
8,335;0,000
8,345;1,000
8,355;0,000
8,365;0,000
8,375;1,000
8,385;0,000
8,395;1,000
8,405;0,000
8,415;0,000
8,425;0,000
8,435;1,000
8,445;1,000
8,455;0,000
8,465;0,000
8,475;0,000
8,485;0,000
8,495;0,000
8,505;0,000
8,515;1,000
8,525;0,000
8,535;0,000
8,545;3,000
8,555;1,000
8,565;0,000
8,575;1,000
8,585;0,000
8,595;0,000
8,605;1,000
8,615;0,000
8,625;0,000
8,635;0,000
8,645;1,000
8,655;0,000
8,665;0,000
8,675;0,000
8,685;0,000
8,695;0,000
8,705;1,000
8,715;0,000
8,725;0,000
8,735;0,000
8,745;0,000
8,755;1,000
8,765;0,000
8,775;1,000
8,785;0,000
8,795;0,000
8,805;0,000
8,815;0,000
8,825;0,000
8,835;0,000
8,845;0,000
8,855;0,000
8,865;1,000
8,875;0,000
8,885;0,000
8,895;0,000
8,905;0,000
8,915;0,000
8,925;0,000
8,935;0,000
8,945;0,000
8,955;0,000
8,965;0,000
8,975;0,000
8,985;1,000
8,995;0,000
9,005;0,000
9,015;0,000
9,025;0,000
9,035;0,000
9,045;0,000
9,055;0,000
9,065;0,000
9,075;1,000
9,085;0,000
9,095;0,000
9,105;0,000
9,115;1,000
9,125;0,000
9,135;1,000
9,145;0,000
9,155;0,000
9,165;0,000
9,175;1,000
9,185;0,000
9,195;0,000
9,205;0,000
9,215;0,000
9,225;0,000
9,235;1,000
9,245;0,000
9,255;0,000
9,265;0,000
9,275;0,000
9,285;0,000
9,295;0,000
9,305;0,000
9,315;0,000
9,325;0,000
9,335;1,000
9,345;0,000
9,355;0,000
9,365;0,000
9,375;0,000
9,385;0,000
9,395;1,000
9,405;0,000
9,415;0,000
9,425;0,000
9,435;0,000
9,445;0,000
9,455;1,000
9,465;0,000
9,475;0,000
9,485;0,000
9,495;0,000
9,505;0,000
9,515;0,000
9,525;0,000
9,535;0,000
9,545;0,000
9,555;0,000
9,565;0,000
9,575;0,000
9,585;0,000
9,595;0,000
9,605;1,000
9,615;0,000
9,625;0,000
9,635;0,000
9,645;0,000
9,655;0,000
9,665;0,000
9,675;0,000
9,685;0,000
9,695;0,000
9,705;0,000
9,715;0,000
9,725;4,000
9,735;3,000
9,745;1,000
9,755;0,000
9,765;0,000
9,775;0,000
9,785;0,000
9,795;0,000
9,805;0,000
9,815;0,000
9,825;0,000
9,835;0,000
9,845;0,000
9,855;0,000
9,865;0,000
9,875;0,000
9,885;0,000
9,895;0,000
9,905;0,000
9,915;0,000
9,925;0,000
9,935;0,000
9,945;0,000
9,955;0,000
9,965;0,000
9,975;0,000
9,985;0,000
9,995;3,000
